Date,Open,High,Low,Close,Adj Close,Volume
2009-03-30,35.290001000000004,35.290001000000004,33.68,34.02,24.998711,1484400
2009-03-31,34.689999,36.84,34.290001000000004,36.400002,26.747593,1904300
2009-04-01,35.32,37.389998999999996,35.32,36.330002,26.696163000000002,1573100
2009-04-02,37.279999,38.709998999999996,36.59,38.41,28.224584999999998,2278200
2009-04-03,38.16,41.799999,37.68,41.759997999999996,30.686246999999998,1884900
2009-04-06,39.049999,39.5,35.259997999999996,37.200001,27.335455,3049200
2009-04-07,36.450001,36.68,33.529999,33.709998999999996,24.770916,2120000
2009-04-08,33.919998,34.630001,32.610001000000004,34.009997999999996,24.991367,1811100
2009-04-09,35.09,38.209998999999996,34.990002000000004,38.18,28.055578000000004,2453300
2009-04-13,37.279999,40.0,36.529999,39.459998999999996,28.996149,1335500
2009-04-14,38.610001000000004,39.66,37.0,37.080002,27.247272,2097100
2009-04-15,36.099998,39.439999,36.060001,39.360001000000004,28.922666999999997,1674300
2009-04-16,39.330002,42.450001,37.810001,41.32,30.362926,1853700
2009-04-17,41.18,43.759997999999996,40.470001,42.73,31.399031,1461200
2009-04-20,41.02,41.75,39.330002,39.52,29.040237,2213800
2009-04-21,38.73,38.73,34.209998999999996,36.0,26.453657,5945100
2009-04-22,35.700001,36.0,31.969998999999998,32.419998,23.822994,4737800
2009-04-23,33.32,34.549999,32.810001,34.419998,25.292635,3061900
2009-04-24,34.400002,37.299999,34.299999,36.75,27.004787,2355900
2009-04-27,36.150002,36.93,34.82,35.459998999999996,26.056854,2068300
2009-04-28,34.84,36.93,34.41,35.599998,26.159733,2051800
2009-04-29,35.919998,37.209998999999996,35.68,36.919998,27.129697999999998,1524900
2009-04-30,37.150002,37.939999,35.790001000000004,36.48,26.806381,1738900
2009-05-01,35.98,35.98,34.02,34.59,25.417555,1678300
2009-05-04,35.32,38.459998999999996,35.119999,38.09,27.989445,2197200
2009-05-05,37.549999,38.150002,36.740002000000004,36.740002000000004,26.997436999999998,1665700
2009-05-06,37.130001,38.07,35.599998,37.950001,27.886571999999997,1943300
2009-05-07,38.549999,40.450001,34.139998999999996,34.619999,25.439606,3016000
2009-05-08,35.470001,36.860001000000004,35.0,36.790001000000004,27.034167999999998,2865000
2009-05-11,36.23,36.240002000000004,34.68,34.84,25.601267,1715800
2009-05-12,34.84,34.91,32.599998,33.610001000000004,24.697433,1638700
2009-05-13,33.169998,33.43,30.48,30.709999,22.566444,2487200
2009-05-14,31.0,32.599998,30.58,32.110001000000004,23.59519,1673100
2009-05-15,31.57,32.18,30.879998999999998,31.58,23.205738,1749300
2009-05-18,31.969998999999998,34.330002,31.440001000000002,34.220001,25.145678,2060300
2009-05-19,34.02,35.040001000000004,33.240002000000004,34.169998,25.108932,1583000
2009-05-20,34.950001,36.0,34.040001000000004,34.290001000000004,25.197115,1413500
2009-05-21,33.73,35.41,33.59,33.82,24.851748,1685100
2009-05-22,33.869999,34.139998999999996,32.0,32.060001,23.55846,1124900
2009-05-26,32.110001000000004,35.490002000000004,31.77,35.189999,25.858456,1985200
2009-05-27,35.34,35.34,33.790001000000004,34.5,25.351423,2063600
2009-05-28,35.029999,35.259997999999996,33.419998,34.580002,25.410211999999998,989000
2009-05-29,34.779999,35.91,34.200001,35.900002,26.380171,1359800
2009-06-01,36.360001000000004,39.0,35.939999,37.740002000000004,27.732258,1578700
2009-06-02,38.459998999999996,38.48,37.130001,37.57,27.607338000000002,1164600
2009-06-03,37.220001,38.310001,36.849998,38.16,28.040876,1648200
2009-06-04,38.52,40.900002,37.880001,39.98,29.378269,2806700
2009-06-05,40.470001,41.080002,40.200001,40.400002,29.686884000000003,1961600
2009-06-08,40.290001000000004,40.599998,39.34,40.110001000000004,29.473786999999998,1453100
2009-06-09,40.599998,40.599998,39.490002000000004,39.66,29.143117999999998,1197400
2009-06-10,39.939999,40.57,37.75,38.599998,28.364202000000002,1724700
2009-06-11,38.869999,39.23,38.18,38.77,28.48913,952400
2009-06-12,38.529999,39.529999,38.400002,39.439999,28.981457000000002,1230400
2009-06-15,39.110001000000004,39.169998,36.740002000000004,36.98,27.173790000000004,1410200
2009-06-16,37.240002000000004,37.869999,35.439999,36.200001,26.600632,926300
2009-06-17,36.150002,36.93,35.580002,35.720001,26.247909999999997,959000
2009-06-18,35.689999,36.57,35.099998,35.549999,26.122989999999998,799200
2009-06-19,35.82,36.130001,35.080002,35.740002000000004,26.262609,762400
2009-06-22,35.41,35.639998999999996,33.32,33.360001000000004,24.513731,1028300
2009-06-23,33.669998,34.950001,33.439999,34.040001000000004,25.013407,817700
2009-06-24,34.209998999999996,34.93,34.049999,34.68,25.483696,615700
2009-06-25,34.650002,34.650002,33.810001,34.52,25.366117000000003,1046900
2009-06-26,34.57,35.400002,34.139998999999996,35.18,25.851103,1104000
2009-06-29,34.91,35.779999,34.299999,35.68,26.481979,1034900
2009-06-30,35.900002,36.200001,35.369999,35.790001000000004,26.563629,580600
2009-07-01,35.869999,36.389998999999996,35.849998,36.049999,26.756591999999998,693600
2009-07-02,35.59,35.59,33.349998,33.369999,24.76749,1417500
2009-07-06,33.220001,34.759997999999996,33.220001,34.560001,25.650710999999998,963500
2009-07-07,34.439999,34.439999,32.650002,32.740002000000004,24.299896,1584300
2009-07-08,33.0,33.0,30.700001,32.09,23.817451000000002,1403600
2009-07-09,32.400002,32.66,31.77,32.139998999999996,23.854565,847200
2009-07-10,31.85,32.0,30.33,31.110001,23.090096,854300
2009-07-13,31.219998999999998,32.68,30.690001000000002,32.43,24.069807,1103200
2009-07-14,32.119999,33.049999,31.43,33.0,24.492867999999998,912800
2009-07-15,33.040001000000004,34.389998999999996,32.720001,34.200001,25.38353,1222400
2009-07-16,34.080002,34.75,33.669998,34.459998999999996,25.576487,691200
2009-07-17,34.360001000000004,34.619999,33.669998,34.25,25.420628,1496200
2009-07-20,34.43,35.860001000000004,34.299999,35.700001,26.496821999999998,1081400
2009-07-21,35.68,35.93,34.509997999999996,35.57,26.400339000000002,896200
2009-07-22,35.169998,38.689999,35.040001000000004,38.310001,28.433994000000002,2217500
2009-07-23,38.439999,39.830002,37.759997999999996,39.43,29.265261,1403000
2009-07-24,38.91,39.349998,37.990002000000004,39.240002000000004,29.124240999999998,917800
2009-07-27,39.130001,39.630001,38.889998999999996,39.490002000000004,29.309798999999998,841800
2009-07-28,39.240002000000004,39.950001,38.970001,39.75,29.502775,584800
2009-07-29,39.07,39.349998,37.220001,37.580002,27.892176,967900
2009-07-30,37.889998999999996,38.77,37.610001000000004,38.290001000000004,28.419146,1098400
2009-07-31,38.139998999999996,38.709998999999996,37.59,38.110001000000004,28.285549,594900
2009-08-03,38.549999,39.75,38.48,39.740002000000004,29.49535,639900
2009-08-04,39.59,44.150002,39.400002,43.900002,32.582935,2061700
2009-08-05,44.0,46.82,43.52,46.18,34.275172999999995,2237300
2009-08-06,47.169998,51.93,46.93,47.639998999999996,35.358799,3337800
2009-08-07,47.93,51.869999,47.93,50.419998,37.422131,2465500
2009-08-10,49.860001000000004,51.389998999999996,49.09,49.669998,36.865471,1145100
2009-08-11,49.5,49.790001000000004,48.099998,48.790001000000004,36.21233,1052300
2009-08-12,48.459998999999996,50.049999,48.220001,49.049999,36.405312,777800
2009-08-13,49.299999,50.189999,48.709998999999996,49.869999,37.013915999999995,701900
2009-08-14,49.799999,50.560001,48.419998,50.389998999999996,37.399864,969400
2009-08-17,48.060001,49.389998999999996,46.919998,47.060001,34.928314,946600
2009-08-18,47.049999,48.889998999999996,46.889998999999996,47.18,35.017376,924800
2009-08-19,46.299999,46.869999,45.75,46.700001,34.661121,802000
2009-08-20,48.040001000000004,50.240002000000004,47.189999,49.970001,37.088139,1084800
2009-08-21,50.41,52.73,50.110001000000004,51.389998999999996,38.142071,933400
2009-08-24,51.91,52.529999,50.509997999999996,50.689999,37.622528,1327800
2009-08-25,50.950001,52.439999,50.630001,52.150002,38.706158,1004600
2009-08-26,52.299999,52.549999,51.0,52.450001,38.928818,956000
2009-08-27,52.330002,54.23,51.470001,54.02,40.094078,1121300
2009-08-28,54.75,55.91,53.990002000000004,55.540001000000004,41.222248,1297800
2009-08-31,55.860001000000004,56.5,54.869999,55.709998999999996,41.348411999999996,1967500
2009-09-01,55.07,55.5,51.599998,52.0,38.594807,1843900
2009-09-02,51.57,51.889998999999996,49.41,49.740002000000004,36.917442,1630200
2009-09-03,50.41,50.779999,49.119999,50.279999,37.318226,1268000
2009-09-04,50.279999,50.740002000000004,49.240002000000004,50.610001000000004,37.563145,638200
2009-09-08,51.369999,52.0,50.939999,52.0,38.594807,785200
2009-09-09,51.68,53.439999,51.060001,52.869999,39.24054,892300
2009-09-10,52.639998999999996,54.5,51.759997999999996,54.48,40.435493,692900
2009-09-11,54.330002,55.43,54.099998,55.290001000000004,41.036685999999996,889300
2009-09-14,54.509997999999996,58.009997999999996,54.509997999999996,57.810001,42.907051,615900
2009-09-15,57.82,59.610001000000004,57.369999,57.860001000000004,42.944164,831800
2009-09-16,58.470001,60.790001000000004,58.18,60.349998,44.792259,1052900
2009-09-17,59.98,62.490002000000004,58.669998,59.349998,44.050049,787700
2009-09-18,59.900002,60.490002000000004,58.349998,59.860001000000004,44.428577000000004,458200
2009-09-21,59.009997999999996,59.630001,58.279999,58.57,43.47113,331700
2009-09-22,59.040001000000004,61.029999,58.82,60.150002,44.643814,449200
2009-09-23,60.18,60.18,56.630001,56.73,42.105469,762700
2009-09-24,53.740002000000004,54.099998,51.939999,53.290001000000004,39.552269,6049000
2009-09-25,53.049999,54.709998999999996,52.650002,53.91,40.012446999999995,1727700
2009-09-28,54.5,55.689999,54.029999,55.540001000000004,41.222248,973400
2009-09-29,55.240002000000004,56.0,54.59,55.32,41.319336,1091700
2009-09-30,55.400002,55.5,54.049999,54.349998,40.59483,1738800
2009-10-01,54.610001000000004,54.610001000000004,51.98,52.900002,39.511803,1984500
2009-10-02,52.16,53.48,51.349998,51.799999,38.690193,1145300
2009-10-05,52.34,53.389998999999996,52.060001,52.919998,39.526740999999994,941300
2009-10-06,53.869999,54.349998,52.110001000000004,52.830002,39.459507,636000
2009-10-07,52.810001,53.580002,52.290001000000004,53.139998999999996,39.691067,604300
2009-10-08,53.919998,54.790001000000004,53.459998999999996,53.900002,40.258724,775600
2009-10-09,53.689999,54.220001,52.700001,53.869999,40.236313,514500
2009-10-12,54.32,54.810001,53.009997999999996,53.380001,39.870319,425400
2009-10-13,53.130001,53.470001,51.939999,52.599998,39.287715999999996,649200
2009-10-14,53.380001,54.509997999999996,53.380001,54.27,40.535084000000005,767700
2009-10-15,53.790001000000004,54.209998999999996,53.279999,53.950001,40.296062,517100
2009-10-16,53.41,54.0,52.599998,53.639998999999996,40.064518,595300
2009-10-19,53.610001000000004,55.0,53.389998999999996,54.73,40.878654,539700
2009-10-20,54.389998999999996,54.529999,53.84,54.0,40.333401,561200
2009-10-21,54.009997999999996,55.150002,53.389998999999996,53.43,39.907665,693500
2009-10-22,53.189999,55.16,52.630001,55.029999,41.102734000000005,666100
2009-10-23,55.200001,55.369999,54.18,54.43,40.654598,401600
2009-10-26,54.599998,56.150002,54.540001000000004,55.209998999999996,41.237183,620000
2009-10-27,55.330002,56.150002,54.41,54.779999,40.915997,659100
2009-10-28,54.5,55.560001,52.77,52.830002,39.459507,643000
2009-10-29,53.630001,55.259997999999996,53.029999,55.169998,41.207294,685900
2009-10-30,55.0,55.0,51.799999,54.169998,40.460388,951600
2009-11-02,54.389998999999996,55.540001000000004,52.0,53.830002,40.206432,746700
2009-11-03,53.139998999999996,54.720001,52.77,54.59,40.774101,761100
2009-11-04,55.419998,56.080002,54.169998,54.349998,40.59483,854900
2009-11-05,54.880001,56.580002,54.880001,56.529999,42.223103,955000
2009-11-06,56.060001,56.759997999999996,55.549999,56.369999,42.103588,620900
2009-11-09,56.810001,60.080002,56.790001000000004,59.91,44.747669,999000
2009-11-10,59.41,61.200001,58.75,60.740002000000004,45.367619,1342000
2009-11-11,59.860001000000004,61.349998,59.029999,59.900002,44.740208,1687500
2009-11-12,59.799999,59.869999,58.650002,58.810001,43.926071,500000
2009-11-13,58.98,59.709998999999996,58.610001000000004,59.27,44.269638,428300
2009-11-16,59.720001,61.330002,59.490002000000004,60.66,45.307865,422400
2009-11-17,60.380001,61.290001000000004,59.259997999999996,59.32,44.306999,650200
2009-11-18,59.5,60.389998999999996,58.830002,59.970001,44.79248,391500
2009-11-19,58.93,59.099998,58.169998,58.23,43.492863,664600
2009-11-20,57.720001,58.240002000000004,57.299999,57.400002,42.872929,506000
2009-11-23,58.27,58.810001,57.0,57.490002000000004,42.94014,668800
2009-11-24,57.220001,57.490002000000004,56.549999,57.099998,42.648846,356200
2009-11-25,57.490002000000004,57.700001,56.73,56.970001,42.551758,211800
2009-11-27,55.389998999999996,56.110001000000004,55.0,55.25,41.267063,239400
2009-11-30,55.41,56.599998,55.02,56.369999,42.103588,625000
2009-12-01,56.959998999999996,58.25,56.5,57.41,42.880375,374900
2009-12-02,57.32,58.560001,57.009997999999996,58.290001000000004,43.537665999999994,501100
2009-12-03,58.5,60.009997999999996,57.82,58.110001000000004,43.403236,421800
2009-12-04,59.139998999999996,60.77,58.790001000000004,60.509997999999996,45.195827,687400
2009-12-07,60.169998,60.470001,57.98,58.580002,43.75428,458900
2009-12-08,58.209998999999996,59.68,57.779999,58.619999,43.784157,541800
2009-12-09,58.669998,59.049999,57.939999,58.310001,43.552608,521600
2009-12-10,58.720001,59.189999,57.790001000000004,58.099998,43.395759999999996,243400
2009-12-11,58.459998999999996,58.759997999999996,57.580002,58.139998999999996,43.425632,453700
2009-12-14,58.48,59.990002000000004,57.93,59.939999,44.770077,468900
2009-12-15,59.5,60.189999,59.189999,60.0,44.814910999999995,565000
2009-12-16,60.529999,61.990002000000004,60.349998,61.82,46.174282,415300
2009-12-17,61.029999,62.610001000000004,60.790001000000004,62.34,46.562683,549200
2009-12-18,62.759997999999996,63.799999,62.110001000000004,63.220001,47.219975,1087700
2009-12-21,63.52,63.990002000000004,62.529999,63.610001000000004,47.511261,407200
2009-12-22,63.900002,64.699997,63.560001,64.16999799999999,47.929531,466100
2009-12-23,64.029999,65.66999799999999,63.73,64.779999,48.385159,592000
2009-12-24,65.220001,66.699997,65.110001,66.589996,49.737064000000004,183400
2009-12-28,66.779999,68.239998,66.639999,66.980003,50.028362,367000
2009-12-29,66.779999,67.43,65.400002,65.809998,49.412682000000004,262600
2009-12-30,65.32,65.440002,64.370003,65.25,48.992207,250000
2009-12-31,65.220001,65.589996,63.580002,64.290001,48.271404,428200
2010-01-04,64.690002,65.349998,62.919998,63.549999,47.715778,467100
2010-01-05,63.5,63.77,62.349998,62.880001,47.212727,527000
2010-01-06,62.990002000000004,63.380001,62.139998999999996,62.549999,46.964943,566700
2010-01-07,62.549999,63.490002000000004,62.099998,63.130001,47.400436,850900
2010-01-08,63.060001,63.529999,62.68,62.919998,47.242748,665200
2010-01-11,63.639998999999996,63.919998,62.700001,63.25,47.490532,443100
2010-01-12,62.700001,63.580002,62.599998,63.34,47.558105,1281900
2010-01-13,63.700001,64.190002,63.200001,63.509997999999996,47.685741,827500
2010-01-14,63.470001,63.709998999999996,62.810001,63.490002000000004,47.670722999999995,438400
2010-01-15,63.299999,64.16999799999999,62.709998999999996,62.709998999999996,47.085064,692900
2010-01-19,62.880001,63.790001000000004,62.650002,63.450001,47.640696999999996,1163200
2010-01-20,64.07,64.400002,63.029999,63.990002000000004,48.046146,961100
2010-01-21,64.120003,64.139999,61.959998999999996,62.299999,46.777233,867900
2010-01-22,62.299999,63.02,61.049999,61.880001,46.46188,975100
2010-01-25,62.57,62.57,61.32,62.049999,46.589523,681300
2010-01-26,61.43,61.5,60.580002,60.860001000000004,45.696018,671900
2010-01-27,60.740002000000004,61.150002,59.450001,60.869999,45.703533,418800
2010-01-28,60.990002000000004,60.990002000000004,59.68,60.259997999999996,45.245518,344400
2010-01-29,60.360001000000004,60.939999,59.310001,59.73,44.847572,613700
2010-02-01,60.18,61.009997999999996,59.889998999999996,60.720001,45.590919,423000
2010-02-02,60.720001,61.59,60.119999,61.5,46.176552,467200
2010-02-03,61.0,61.540001000000004,60.349998,61.360001000000004,46.071434,576800
2010-02-04,60.77,60.950001,58.639998999999996,58.669998,44.051689,595500
2010-02-05,58.669998,59.630001,57.540001000000004,59.279999,44.509705,381100
2010-02-08,59.509997999999996,59.509997999999996,57.34,57.369999,43.0756,346400
2010-02-09,58.299999,58.299999,56.5,57.25,42.985496999999995,604600
2010-02-10,57.150002,57.740002000000004,56.119999,57.34,43.053082,425200
2010-02-11,57.040001000000004,57.389998999999996,55.540001000000004,56.889998999999996,42.715199,579700
2010-02-12,56.130001,58.459998999999996,56.130001,58.380001,43.833946000000005,518300
2010-02-16,59.189999,61.400002,59.139998999999996,61.200001,45.951309,551100
2010-02-17,61.27,61.669998,60.580002,61.07,45.853706,277200
2010-02-18,60.82,62.0,60.810001,61.689999,46.319214,496600
2010-02-19,61.470001,62.029999,61.259997999999996,61.59,46.244129,326700
2010-02-22,62.02,62.18,61.310001,61.349998,46.063938,402600
2010-02-23,61.209998999999996,62.169998,61.09,61.759997999999996,46.371784000000005,799300
2010-02-24,61.68,62.040001000000004,61.360001000000004,61.68,46.311718,554300
2010-02-25,60.93,62.130001,60.490002000000004,62.0,46.551990999999994,528400
2010-02-26,62.040001000000004,62.580002,61.380001,61.619999,46.266663,606700
2010-03-01,61.900002,62.16,61.549999,61.900002,46.476898,299800
2010-03-02,62.360001000000004,62.490002000000004,61.689999,62.400002,46.852329,571100
2010-03-03,62.389998999999996,62.950001,61.720001,62.43,46.874855,581600
2010-03-04,62.459998999999996,63.07,61.950001,62.189999,46.694641,531000
2010-03-05,62.57,63.599998,62.25,63.279999,47.513058,582000
2010-03-08,63.25,64.66999799999999,63.029999,64.470001,48.406559,259600
2010-03-09,64.040001,65.889999,63.82,64.620003,48.519184,358500
2010-03-10,64.459999,65.0,64.050003,64.82,48.669334,321200
2010-03-11,64.33000200000001,65.300003,64.239998,64.900002,48.729416,360900
2010-03-12,65.089996,65.440002,64.540001,65.010002,48.812012,233300
2010-03-15,65.029999,65.529999,64.139999,65.260002,48.999725,421000
2010-03-16,65.300003,67.0,65.08000200000001,66.91999799999999,50.246113,550700
2010-03-17,66.93,67.620003,66.690002,67.339996,50.561451,325200
2010-03-18,67.339996,68.260002,67.269997,67.449997,50.644039,397400
2010-03-19,66.589996,67.58000200000001,66.510002,66.589996,49.998325,280200
2010-03-22,66.029999,67.790001,65.720001,67.5,50.681599,226900
2010-03-23,67.110001,67.139999,65.83000200000001,66.989998,50.298668,468500
2010-03-24,66.629997,67.940002,66.459999,67.400002,50.606514000000004,705900
2010-03-25,67.82,69.029999,67.690002,67.870003,50.959396000000005,364400
2010-03-26,67.800003,68.68,67.480003,68.230003,51.229706,445200
2010-03-29,68.559998,68.809998,67.910004,68.599998,51.507529999999996,222400
2010-03-30,68.279999,68.510002,67.790001,68.16999799999999,51.447136,416400
2010-03-31,67.989998,68.41999799999999,67.309998,67.599998,51.016964,549500
2010-04-01,67.91999799999999,68.410004,67.550003,68.029999,51.341496,641600
2010-04-05,68.25,69.93,67.959999,69.769997,52.654635999999996,320500
2010-04-06,69.57,71.93,69.08000200000001,71.839996,54.216834999999996,1089800
2010-04-07,71.839996,72.410004,70.58000200000001,71.019997,53.598,481100
2010-04-08,70.82,71.599998,70.550003,71.199997,53.733849,306300
2010-04-09,71.25,72.660004,71.199997,72.559998,54.760222999999996,410200
2010-04-12,72.57,72.690002,71.129997,71.5,53.960257999999996,298900
2010-04-13,71.529999,73.309998,71.389999,72.760002,54.911156000000005,277900
2010-04-14,73.129997,73.41999799999999,71.43,71.849998,54.224388,494300
2010-04-15,71.760002,72.269997,70.08000200000001,70.239998,53.009342000000004,587300
2010-04-16,70.029999,70.709999,68.790001,69.400002,52.375412,451900
2010-04-19,68.900002,70.400002,68.440002,69.529999,52.473511,269500
2010-04-20,70.0,70.620003,68.989998,70.589996,53.273495,258800
2010-04-21,70.449997,71.150002,69.559998,70.550003,53.243308999999996,605800
2010-04-22,69.949997,71.16999799999999,69.870003,70.959999,53.552718999999996,420100
2010-04-23,71.16999799999999,74.309998,70.68,74.190002,55.990364,557200
2010-04-26,74.25,75.18,73.809998,74.599998,56.299801,389200
2010-04-27,74.209999,74.620003,71.91999799999999,72.160004,54.458346999999996,437100
2010-04-28,72.620003,73.160004,71.660004,72.019997,54.352688,337300
2010-04-29,72.610001,74.25,72.190002,73.910004,55.779056999999995,738400
2010-04-30,74.040001,74.32,70.75,70.809998,53.43951,547100
2010-05-03,71.08000200000001,73.220001,71.059998,73.019997,55.107380000000006,936000
2010-05-04,72.120003,72.860001,70.489998,71.029999,53.605548999999996,909900
2010-05-05,70.269997,71.790001,69.199997,70.16999799999999,52.95652,411800
2010-05-06,69.739998,69.980003,62.349998,66.970001,50.541519,827600
2010-05-07,66.879997,68.269997,64.199997,65.010002,49.062328,966400
2010-05-10,68.57,69.769997,67.449997,69.760002,52.647091,705300
2010-05-11,69.0,70.639999,68.18,69.940002,52.78294,478100
2010-05-12,70.410004,71.470001,69.970001,70.970001,53.560265,684300
2010-05-13,70.82,71.199997,69.58000200000001,69.809998,52.68481800000001,472700
2010-05-14,69.07,69.779999,65.879997,66.970001,50.541519,1490100
2010-05-17,67.269997,68.370003,65.43,66.879997,50.473583000000005,1679600
2010-05-18,67.769997,68.160004,64.93,65.25,49.243443,504200
2010-05-19,64.940002,66.16999799999999,62.84,65.110001,49.137806,633500
2010-05-20,63.419998,64.199997,62.0,62.029999,46.813342999999996,700900
2010-05-21,61.599998,64.25,60.48,63.599998,47.998215,720800
2010-05-24,63.150002,64.739998,62.939999,63.209998999999996,47.703888,462800
2010-05-25,61.330002,63.290001000000004,60.689999,63.139998999999996,47.651053999999995,389700
2010-05-26,63.740002000000004,64.980003,62.619999,62.919998,47.485023,386700
2010-05-27,64.510002,66.690002,63.84,66.599998,50.262287,344900
2010-05-28,66.25,67.010002,65.449997,65.58000200000001,49.492484999999995,383700
2010-06-01,65.050003,66.139999,64.099998,64.25,48.488754,323000
2010-06-02,64.480003,65.879997,63.139998999999996,65.82,49.673615000000005,485100
2010-06-03,65.66999799999999,66.239998,64.959999,65.739998,49.613251,322400
2010-06-04,64.290001,65.08000200000001,62.150002,62.360001000000004,47.062397,495200
2010-06-07,62.77,64.290001,62.240002000000004,62.549999,47.205788,441600
2010-06-08,62.759997999999996,65.389999,61.470001,65.199997,49.205719,800900
2010-06-09,65.660004,67.41999799999999,65.269997,65.860001,49.703796000000004,530700
2010-06-10,67.25,69.949997,66.639999,69.480003,52.435782999999994,554700
2010-06-11,69.07,71.66999799999999,68.68,71.160004,53.703651,491000
2010-06-14,72.25,73.360001,71.110001,71.910004,54.269684,839900
2010-06-15,72.68,73.190002,71.730003,72.800003,54.941353,808000
2010-06-16,72.559998,73.0,71.459999,72.230003,54.511189,750800
2010-06-17,72.529999,73.769997,72.040001,73.389999,55.386616000000004,568200
2010-06-18,73.940002,74.029999,72.980003,73.18,55.228123,623500
2010-06-21,74.0,74.41999799999999,71.599998,71.870003,54.23949399999999,662800
2010-06-22,71.839996,72.739998,68.589996,68.889999,51.990505,862900
2010-06-23,68.82,70.349998,68.0,69.279999,52.284859000000004,495100
2010-06-24,68.620003,69.07,67.41999799999999,67.900002,51.243378,639200
2010-06-25,68.269997,69.5,68.0,68.489998,51.688629,810100
2010-06-28,68.629997,68.720001,67.510002,67.629997,51.039619,289000
2010-06-29,66.160004,66.660004,63.32,63.779999,48.384449,572100
2010-06-30,63.82,64.68,63.07,63.369999,48.073429,975400
2010-07-01,63.450001,64.059998,61.630001,63.41,48.103771,634100
2010-07-02,63.84,64.199997,61.509997999999996,61.75,46.844475,595100
2010-07-06,62.919998,64.07,60.110001000000004,60.830002,46.146549,575300
2010-07-07,60.889998999999996,64.730003,60.880001,64.690002,49.074806,744800
2010-07-08,65.629997,66.160004,64.019997,65.0,49.309971000000004,429500
2010-07-09,65.0,65.970001,64.610001,65.209999,49.469273,328500
2010-07-12,64.800003,65.550003,64.190002,65.059998,49.355484000000004,184500
2010-07-13,65.93,67.5,65.57,67.230003,51.001671,376600
2010-07-14,66.510002,67.599998,66.0,66.870003,50.728573,224100
2010-07-15,67.019997,67.019997,65.150002,66.339996,50.3265,191300
2010-07-16,65.809998,66.0,63.93,64.360001,48.824448,569500
2010-07-19,64.650002,65.610001,63.740002000000004,65.349998,49.575478000000004,285800
2010-07-20,64.300003,68.029999,63.950001,67.900002,51.509945,391700
2010-07-21,68.300003,68.550003,65.839996,66.230003,50.243072999999995,357300
2010-07-22,67.41999799999999,70.050003,66.870003,69.730003,52.898212,439500
2010-07-23,69.43,71.040001,68.279999,70.910004,53.793395999999994,393500
2010-07-26,71.099998,72.709999,70.610001,72.589996,55.067843999999994,424400
2010-07-27,73.18,73.75,71.410004,72.089996,54.688549,648800
2010-07-28,71.800003,72.91999799999999,71.050003,71.43,54.187851,616400
2010-07-29,72.050003,72.239998,69.57,69.93,53.04993399999999,339600
2010-07-30,69.220001,70.779999,69.18,70.550003,53.520286999999996,330900
2010-08-02,71.93,72.959999,70.599998,72.83000200000001,55.249916000000006,832100
2010-08-03,72.220001,72.510002,71.58000200000001,72.0,54.62025799999999,371600
2010-08-04,72.110001,72.599998,71.5,72.18,54.756813,239400
2010-08-05,71.959999,72.75,71.190002,71.639999,54.347187,335000
2010-08-06,70.660004,72.489998,70.660004,72.339996,54.878204000000004,323500
2010-08-09,72.040001,73.43,72.040001,73.25,55.568542,297800
2010-08-10,72.199997,72.290001,70.459999,71.18,53.99821899999999,445700
2010-08-11,69.68,70.559998,68.360001,69.57,52.77684,1471400
2010-08-12,68.599998,69.260002,67.879997,68.25,51.775455,511600
2010-08-13,67.980003,68.650002,67.16999799999999,67.349998,51.092709,344700
2010-08-16,66.900002,68.25,66.690002,67.470001,51.183743,313100
2010-08-17,68.32,69.879997,67.470001,69.199997,52.496143000000004,489800
2010-08-18,69.199997,71.019997,68.639999,70.349998,53.368565000000004,601500
2010-08-19,69.970001,70.260002,68.290001,68.57,52.018215000000005,477400
2010-08-20,68.120003,68.410004,66.68,67.860001,51.479595,397600
2010-08-23,68.33000200000001,68.839996,67.690002,67.75,51.396159999999995,326300
2010-08-24,66.66999799999999,68.360001,66.620003,67.870003,51.487190000000005,494300
2010-08-25,67.339996,69.5,67.339996,69.260002,52.54166800000001,411400
2010-08-26,69.739998,69.910004,68.639999,68.959999,52.314083000000004,347300
2010-08-27,69.599998,70.410004,67.879997,70.050003,53.14096800000001,535800
2010-08-30,69.639999,71.349998,69.470001,69.559998,52.769241,525300
2010-08-31,69.230003,70.07,68.720001,69.370003,52.625122,737600
2010-09-01,70.709999,70.93,69.290001,69.809998,52.958897,1069600
2010-09-02,70.220001,71.110001,69.510002,70.699997,53.634064,587500
2010-09-03,71.779999,72.190002,70.970001,71.860001,54.514076,430600
2010-09-07,71.440002,71.809998,70.870003,70.900002,53.785796999999995,403200
2010-09-08,71.150002,71.949997,70.989998,71.269997,54.06649,234600
2010-09-09,72.139999,72.379997,69.870003,70.309998,53.338223,277800
2010-09-10,70.349998,70.809998,70.019997,70.349998,53.368565000000004,397000
2010-09-13,71.110001,71.900002,70.550003,71.75,54.430626000000004,440200
2010-09-14,71.57,72.400002,71.339996,71.900002,54.544399,326900
2010-09-15,71.58000200000001,72.57,71.32,72.059998,54.665775,477600
2010-09-16,71.809998,72.400002,71.58000200000001,71.730003,54.415451000000004,158400
2010-09-17,72.209999,72.209999,71.5,72.16999799999999,54.749218000000006,396900
2010-09-20,72.68,73.639999,72.239998,73.360001,55.651993000000004,544700
2010-09-21,73.339996,73.889999,72.599998,72.910004,55.310612,246800
2010-09-22,70.099998,70.529999,69.690002,70.5,53.482333999999994,4548300
2010-09-23,69.599998,70.260002,68.190002,68.550003,52.003044,764200
2010-09-24,69.510002,70.150002,69.220001,70.010002,53.110638,645400
2010-09-27,69.959999,70.25,68.900002,69.690002,52.867869999999996,446300
2010-09-28,69.699997,70.25,68.709999,70.160004,53.224426,458300
2010-09-29,69.709999,69.800003,69.050003,69.620003,53.079567000000004,528700
2010-09-30,69.949997,71.0,69.260002,70.0,53.369278,968400
2010-10-01,70.690002,71.07,69.629997,71.050003,54.169833999999994,506800
2010-10-04,70.949997,71.489998,70.260002,71.440002,54.467158999999995,628600
2010-10-05,71.959999,72.440002,70.699997,72.349998,55.160968999999994,1050200
2010-10-06,72.349998,72.489998,70.82,71.190002,54.276566,301400
2010-10-07,71.620003,71.93,70.019997,70.589996,53.819111,562400
2010-10-08,70.760002,71.209999,70.440002,71.099998,54.207935,252900
2010-10-11,71.099998,71.800003,70.860001,71.58000200000001,54.57391,285200
2010-10-12,71.480003,71.529999,70.650002,71.290001,54.352791,399200
2010-10-13,71.75,73.33000200000001,71.309998,72.68,55.412563,425200
2010-10-14,72.519997,73.519997,72.32,73.43,55.984370999999996,486800
2010-10-15,74.0,74.199997,72.91999799999999,73.260002,55.854771,247400
2010-10-18,73.309998,75.160004,73.309998,75.07,57.234737,695200
2010-10-19,74.33000200000001,75.300003,73.440002,73.730003,56.213112,491300
2010-10-20,74.099998,75.160004,74.010002,74.709999,56.960255000000004,491800
2010-10-21,75.040001,75.699997,73.650002,74.730003,56.975517,338600
2010-10-22,74.989998,75.309998,74.459999,74.940002,57.135628000000004,172800
2010-10-25,75.459999,75.690002,74.540001,74.769997,57.006012,238900
2010-10-26,74.339996,74.540001,73.620003,73.900002,56.34271999999999,307500
2010-10-27,73.5,74.519997,73.239998,74.059998,56.464687,604400
2010-10-28,74.459999,74.82,72.83000200000001,73.43,55.984370999999996,163900
2010-10-29,73.290001,74.099998,73.199997,73.480003,56.022507,264600
2010-11-01,73.83000200000001,74.519997,72.989998,73.540001,56.068241,284000
2010-11-02,74.230003,75.349998,73.879997,74.800003,57.028889,471600
2010-11-03,74.66999799999999,74.800003,73.349998,74.08000200000001,56.479939,453500
2010-11-04,74.93,75.25,73.010002,74.059998,56.464687,821000
2010-11-05,74.059998,75.260002,73.559998,74.07,56.472305000000006,453400
2010-11-08,73.699997,74.599998,73.599998,74.209999,56.579037,545300
2010-11-09,75.07,76.190002,71.139999,71.559998,54.558647,626400
2010-11-10,71.690002,72.57,71.690002,72.41999799999999,55.214332999999996,446200
2010-11-11,71.879997,72.800003,71.769997,72.059998,54.939845999999996,360600
2010-11-12,71.650002,72.360001,70.849998,71.099998,54.207935,454300
2010-11-15,71.339996,71.68,69.629997,69.760002,53.186302000000005,440500
2010-11-16,69.410004,69.5,67.489998,67.83000200000001,51.714844,716400
2010-11-17,68.029999,69.050003,67.75,68.41999799999999,52.164660999999995,368800
2010-11-18,69.32,69.5,67.760002,67.949997,51.806324,351400
2010-11-19,67.989998,68.370003,67.18,67.629997,51.562355,359400
2010-11-22,67.370003,67.66999799999999,66.68,67.190002,51.226890999999995,500800
2010-11-23,66.639999,66.949997,65.599998,66.110001,50.403481,616800
2010-11-24,66.690002,68.16999799999999,66.690002,68.010002,51.852074,344800
2010-11-26,67.519997,67.949997,67.239998,67.470001,51.440360999999996,131800
2010-11-29,67.129997,67.910004,66.660004,67.699997,51.615711,374800
2010-11-30,66.949997,67.709999,66.650002,66.75,50.891415,1291100
2010-12-01,67.620003,67.940002,66.82,67.879997,51.752949,605000
2010-12-02,68.089996,68.800003,68.08000200000001,68.769997,52.431499,743900
2010-12-03,68.379997,69.360001,67.900002,69.120003,52.698341000000006,383200
2010-12-06,68.949997,69.559998,68.260002,69.309998,52.843212,331700
2010-12-07,70.029999,71.150002,69.900002,70.550003,53.788616000000005,734700
2010-12-08,70.550003,71.18,68.980003,69.459999,52.957561,716000
2010-12-09,69.760002,69.82,68.360001,68.519997,52.240906,390300
2010-12-10,68.660004,69.489998,68.150002,69.0,52.606857,625300
2010-12-13,69.300003,69.769997,68.68,69.370003,52.888957999999995,263700
2010-12-14,69.379997,70.599998,68.970001,69.43,52.93470799999999,534500
2010-12-15,69.57,70.43,69.16999799999999,69.18,52.744082999999996,539300
2010-12-16,69.400002,70.099998,68.739998,69.480003,52.97282,362800
2010-12-17,69.629997,69.66999799999999,68.68,69.41999799999999,52.92708199999999,915600
2010-12-20,69.639999,70.550003,69.540001,70.410004,53.68186600000001,250500
2010-12-21,70.620003,70.809998,70.0,70.690002,53.895351,318400
2010-12-22,71.0,72.18,70.690002,71.970001,54.87124300000001,484100
2010-12-23,71.889999,72.480003,71.860001,71.91999799999999,54.833118000000006,211300
2010-12-27,71.769997,72.940002,71.610001,72.910004,55.587917000000004,212500
2010-12-28,72.989998,73.82,72.510002,73.459999,56.00723299999999,358800
2010-12-29,73.040001,73.33000200000001,72.309998,72.959999,55.968891000000006,292300
2010-12-30,72.809998,73.540001,72.550003,73.239998,56.18368100000001,151400
2010-12-31,73.199997,73.83000200000001,73.040001,73.260002,56.199028000000006,220100
2011-01-03,73.800003,74.839996,73.660004,74.510002,57.157928000000005,521200
2011-01-04,74.589996,75.33000200000001,73.239998,73.33000200000001,56.252728000000005,504000
2011-01-05,73.120003,74.160004,73.050003,73.889999,56.682297,430000
2011-01-06,73.989998,74.120003,72.989998,73.07,56.053298999999996,379500
2011-01-07,73.08000200000001,75.57,73.08000200000001,75.510002,57.92503000000001,884600
2011-01-10,75.260002,75.589996,74.779999,75.309998,57.771626,443700
2011-01-11,75.699997,75.699997,74.540001,74.82,57.395718,384000
2011-01-12,75.440002,75.68,75.0,75.610001,58.001746999999995,349300
2011-01-13,75.57,75.57,74.610001,74.870003,57.434096999999994,357500
2011-01-14,74.809998,75.260002,74.360001,75.220001,57.702591000000005,335400
2011-01-18,75.239998,77.110001,74.889999,77.110001,59.15243100000001,485800
2011-01-19,76.800003,76.91999799999999,75.379997,75.68,58.055446999999994,390800
2011-01-20,75.699997,76.25,74.970001,75.349998,57.802292,346300
2011-01-21,75.57,75.75,74.910004,75.25,57.725601,272600
2011-01-24,75.220001,76.790001,75.220001,76.230003,58.477367,259800
2011-01-25,75.809998,77.849998,75.809998,77.849998,59.7201,397100
2011-01-26,78.099998,78.099998,77.059998,77.360001,59.344215000000005,324000
2011-01-27,77.690002,78.010002,77.099998,77.900002,59.758461,454900
2011-01-28,78.059998,78.08000200000001,76.349998,76.550003,58.722851,244100
2011-01-31,76.75,77.82,76.709999,77.040001,59.098724,462000
2011-02-01,77.529999,78.010002,76.93,77.599998,59.528305,421400
2011-02-02,77.510002,77.849998,76.650002,76.980003,59.052707999999996,339500
2011-02-03,76.760002,77.230003,75.510002,76.91999799999999,59.006671999999995,379900
2011-02-04,76.610001,76.610001,75.269997,75.650002,58.032433,383600
2011-02-07,76.019997,77.809998,76.019997,77.68,59.589684,272000
2011-02-08,77.529999,78.57,77.379997,77.760002,59.651061999999996,260100
2011-02-09,77.57,77.989998,77.349998,77.690002,59.597359,322500
2011-02-10,77.470001,78.529999,77.400002,78.470001,60.195708999999994,250800
2011-02-11,78.33000200000001,78.980003,77.989998,78.980003,60.58694499999999,319400
2011-02-14,79.010002,79.279999,78.650002,79.120003,60.694351,311400
2011-02-15,78.760002,79.599998,78.529999,78.91999799999999,60.540893999999994,219200
2011-02-16,79.32,80.449997,78.989998,79.809998,61.22364399999999,368900
2011-02-17,79.690002,80.0,79.529999,79.839996,61.246643000000006,397000
2011-02-18,80.120003,80.120003,79.519997,79.739998,61.169959999999996,404500
2011-02-22,79.129997,79.910004,78.900002,79.160004,60.725014,555400
2011-02-23,79.08000200000001,79.290001,77.379997,78.07,59.888866,306000
2011-02-24,78.050003,78.050003,76.290001,76.839996,58.945301,328500
2011-02-25,77.269997,78.360001,77.08000200000001,78.33000200000001,60.088303,292800
2011-02-28,78.690002,80.720001,78.279999,80.199997,61.522827,457300
2011-03-01,80.129997,80.18,77.629997,77.709999,59.612686,375100
2011-03-02,77.690002,78.0,76.41999799999999,76.629997,58.784237,388400
2011-03-03,77.18,77.639999,76.849998,77.639999,59.55899399999999,253400
2011-03-04,77.660004,77.989998,76.290001,76.949997,59.029686,273900
2011-03-07,77.239998,77.43,76.370003,76.839996,58.945301,198600
2011-03-08,76.91999799999999,78.18,76.82,77.910004,59.766144,220900
2011-03-09,77.75,77.989998,76.83000200000001,77.480003,59.436275,154400
2011-03-10,76.809998,77.050003,75.879997,76.660004,58.80723199999999,245000
2011-03-11,76.050003,77.360001,76.040001,77.190002,59.213799,221600
2011-03-14,76.699997,76.900002,75.870003,76.360001,58.577091,183400
2011-03-15,75.0,77.68,74.360001,76.730003,58.86093100000001,359600
2011-03-16,76.739998,76.82,74.900002,75.360001,57.809978,340000
2011-03-17,76.440002,76.470001,74.449997,75.059998,57.579848999999996,285500
2011-03-18,75.66999799999999,75.91999799999999,75.089996,75.220001,57.702591000000005,501700
2011-03-21,76.089996,76.970001,76.029999,76.779999,58.899265,186200
2011-03-22,76.699997,76.93,75.220001,75.610001,58.001746999999995,217600
2011-03-23,75.459999,75.779999,74.309998,75.059998,57.579848999999996,328200
2011-03-24,75.370003,76.089996,74.599998,75.690002,58.063118,231100
2011-03-25,75.849998,76.690002,75.489998,76.519997,58.69982099999999,161800
2011-03-28,76.610001,76.91999799999999,75.18,75.91999799999999,58.239559,374000
2011-03-29,75.559998,76.559998,75.099998,76.41999799999999,58.97265600000001,210100
2011-03-30,76.519997,77.339996,76.300003,77.269997,59.628597,231500
2011-03-31,77.040001,78.150002,77.040001,77.970001,60.16879300000001,402100
2011-04-01,78.449997,78.93,78.230003,78.43,60.523766,438100
2011-04-04,78.599998,79.0,78.41999799999999,78.599998,60.654956999999996,359100
2011-04-05,78.400002,78.93,78.400002,78.480003,60.562346999999995,195100
2011-04-06,78.720001,78.720001,78.150002,78.489998,60.570038000000004,231500
2011-04-07,78.349998,78.58000200000001,76.529999,76.550003,59.072990000000004,259400
2011-04-08,76.900002,77.059998,75.559998,75.800003,58.494220999999996,201900
2011-04-11,76.010002,76.709999,75.440002,75.889999,58.563679,224400
2011-04-12,75.57,76.43,75.410004,76.160004,58.772018,205700
2011-04-13,76.480003,76.57,75.910004,75.980003,58.633120999999996,205400
2011-04-14,75.550003,77.58000200000001,75.550003,77.410004,59.736622,269200
2011-04-15,77.559998,78.239998,77.5,77.790001,60.029883999999996,479100
2011-04-18,76.800003,76.989998,75.629997,76.389999,58.94951999999999,361900
2011-04-19,76.57,76.989998,76.309998,76.809998,59.273621,465500
2011-04-20,77.75,78.019997,76.940002,77.75,59.999004000000006,241200
2011-04-21,77.800003,78.25,77.480003,78.139999,60.299992,211600
2011-04-25,78.07,78.650002,77.879997,78.43,60.523766,205700
2011-04-26,78.739998,79.83000200000001,78.279999,79.709999,61.511528000000006,212000
2011-04-27,79.889999,80.629997,79.529999,80.629997,62.221493,198100
2011-04-28,80.5,81.910004,80.5,81.449997,62.854259,233200
2011-04-29,81.33000200000001,82.480003,80.68,82.150002,63.394466,296000
2011-05-02,82.529999,83.08000200000001,81.040001,81.75,63.0858,277000
2011-05-03,81.470001,82.82,80.68,81.519997,62.908291000000006,343600
2011-05-04,81.68,81.83000200000001,80.019997,80.160004,61.858791000000004,277000
2011-05-05,79.510002,79.510002,77.66999799999999,78.709999,60.739830000000005,567600
2011-05-06,75.980003,76.199997,75.089996,75.779999,58.478790000000004,4510000
2011-05-09,75.860001,78.139999,75.75,77.639999,59.91412,970300
2011-05-10,77.699997,79.339996,77.480003,79.129997,61.063953000000005,591200
2011-05-11,78.839996,79.040001,77.470001,78.010002,60.19966899999999,462700
2011-05-12,77.790001,78.269997,76.970001,78.029999,60.215076,324000
2011-05-13,78.089996,78.410004,77.099998,78.08000200000001,60.253674,795800
2011-05-16,77.91999799999999,78.91999799999999,77.379997,78.32,60.438881,388500
2011-05-17,78.120003,78.529999,77.550003,78.529999,60.600944999999996,553700
2011-05-18,78.639999,79.699997,77.889999,79.58000200000001,61.41121700000001,321500
2011-05-19,79.860001,80.32,79.230003,79.82,61.596424,424100
2011-05-20,79.559998,79.91999799999999,78.610001,78.730003,60.755272,322100
2011-05-23,77.699997,78.379997,77.309998,77.58000200000001,59.867828,539400
2011-05-24,77.730003,78.230003,77.16999799999999,78.010002,60.19966899999999,635200
2011-05-25,77.949997,79.470001,77.300003,79.089996,61.033081,358700
2011-05-26,78.82,80.860001,78.82,80.389999,62.036289000000004,353500
2011-05-27,80.639999,81.43,80.410004,81.290001,62.730816000000004,364000
2011-05-31,81.959999,82.730003,81.470001,82.540001,63.695412,831200
2011-06-01,82.220001,82.650002,79.599998,79.83000200000001,61.60411800000001,534800
2011-06-02,80.010002,80.58000200000001,78.75,79.16999799999999,61.094826,386700
2011-06-03,78.33000200000001,79.959999,78.120003,79.040001,60.994484,251400
2011-06-06,79.099998,79.459999,77.459999,77.540001,59.836971,290600
2011-06-07,77.82,79.269997,77.43,78.66999799999999,60.708973,259100
2011-06-08,78.360001,79.410004,78.190002,78.230003,60.369411,179100
2011-06-09,78.58000200000001,78.58000200000001,77.32,77.550003,59.84468100000001,324500
2011-06-10,77.220001,77.239998,75.349998,75.839996,58.525085,396500
2011-06-13,75.93,77.870003,75.91999799999999,77.199997,59.574577000000005,414300
2011-06-14,76.980003,78.089996,76.980003,77.639999,59.91412,282500
2011-06-15,76.940002,77.550003,75.559998,76.150002,58.764313,260700
2011-06-16,76.099998,77.099998,75.610001,76.519997,59.049824,297600
2011-06-17,77.459999,77.660004,76.629997,77.360001,59.69805899999999,412300
2011-06-20,77.110001,78.32,77.010002,78.18,60.330837,178800
2011-06-21,79.08000200000001,79.760002,78.58000200000001,79.339996,61.226017000000006,372500
2011-06-22,79.120003,80.379997,78.730003,79.529999,61.372634999999995,295700
2011-06-23,78.33000200000001,78.379997,76.58000200000001,76.959999,59.389396999999995,470900
2011-06-24,77.089996,77.389999,76.190002,76.709999,59.196461,355900
2011-06-27,76.800003,77.410004,76.57,76.709999,59.196461,440600
2011-06-28,76.739998,77.050003,75.940002,76.75,59.576801,372400
2011-06-29,77.150002,77.739998,76.709999,77.300003,60.00375,466600
2011-06-30,77.5,78.25,77.339996,77.41999799999999,60.096901,400300
2011-07-01,77.620003,79.309998,77.379997,79.010002,61.331127,349800
2011-07-05,78.970001,80.5,78.529999,80.459999,62.45666899999999,410700
2011-07-06,80.279999,81.559998,80.089996,81.019997,62.891380000000005,453500
2011-07-07,81.849998,82.32,81.199997,81.980003,63.636585,304700
2011-07-08,80.949997,81.800003,80.68,81.709999,63.426979,198000
2011-07-11,80.779999,81.18,80.16999799999999,80.470001,62.464439,214300
2011-07-12,80.099998,82.519997,80.099998,81.739998,63.45029399999999,582400
2011-07-13,81.860001,82.07,80.410004,80.43,62.433384,330300
2011-07-14,80.760002,81.18,79.550003,80.019997,62.115147,441700
2011-07-15,80.260002,81.589996,79.82,81.58000200000001,63.326088,260400
2011-07-18,81.190002,81.349998,80.110001,81.099998,62.95346800000001,344000
2011-07-19,81.720001,82.83000200000001,81.690002,82.83000200000001,64.296387,284400
2011-07-20,82.870003,84.290001,82.480003,83.800003,65.049347,386700
2011-07-21,84.110001,85.139999,84.019997,84.5,65.59272,474100
2011-07-22,84.550003,85.33000200000001,84.010002,84.93,65.92648299999999,332400
2011-07-25,83.93,84.760002,83.699997,84.16999799999999,65.33657099999999,407200
2011-07-26,84.379997,84.529999,83.66999799999999,84.099998,65.282227,155800
2011-07-27,83.699997,83.699997,81.959999,82.129997,63.753040000000006,461700
2011-07-28,81.93,82.480003,79.889999,82.050003,63.690932999999994,636800
2011-07-29,80.809998,82.150002,80.269997,82.0,63.652083999999995,461400
2011-08-01,82.57,83.089996,80.739998,81.400002,63.18634399999999,639800
2011-08-02,80.849998,81.41999799999999,77.559998,77.620003,60.252140000000004,474000
2011-08-03,77.809998,77.809998,74.57,76.57,59.437096,502200
2011-08-04,75.139999,75.790001,72.519997,72.599998,56.35538100000001,874400
2011-08-05,73.440002,73.559998,69.0,70.43,54.670956000000004,677600
2011-08-08,67.110001,68.66999799999999,62.610001000000004,62.630001,48.616238,867000
2011-08-09,63.259997999999996,69.16999799999999,62.57,69.010002,53.568684,1035900
2011-08-10,67.559998,70.209999,66.650002,67.08000200000001,52.070534,1305500
2011-08-11,67.57,70.269997,67.059998,69.160004,53.68510799999999,1194600
2011-08-12,69.769997,70.5,68.690002,69.230003,53.739456000000004,833700
2011-08-15,70.010002,72.5,69.949997,72.209999,56.052666,626200
2011-08-16,71.32,72.629997,70.889999,72.25,56.083709999999996,809300
2011-08-17,72.58000200000001,73.41999799999999,71.529999,72.160004,56.013851,480500
2011-08-18,69.720001,70.66999799999999,67.400002,68.150002,52.901115000000004,1008800
2011-08-19,66.849998,68.459999,66.089996,66.199997,51.387423999999996,714200
2011-08-22,67.879997,67.900002,65.879997,66.949997,51.969615999999995,701400
2011-08-23,67.199997,68.190002,66.370003,68.150002,52.901115000000004,670800
2011-08-24,68.040001,69.33000200000001,67.230003,69.300003,53.7938,372700
2011-08-25,69.980003,70.269997,67.32,67.970001,52.76139499999999,358200
2011-08-26,67.470001,69.300003,66.029999,68.989998,53.553157999999996,211700
2011-08-29,69.889999,72.110001,69.550003,72.019997,55.905178,355200
2011-08-30,71.25,72.58000200000001,70.519997,71.980003,55.874115,226500
2011-08-31,72.43,73.349998,71.690002,72.809998,56.518398,554500
2011-09-01,72.779999,72.800003,71.029999,71.339996,55.377308,364700
2011-09-02,69.790001,71.160004,69.059998,69.110001,53.646297,291200
2011-09-06,67.239998,69.82,67.050003,69.25,53.754971,250700
2011-09-07,70.650002,72.709999,69.41999799999999,72.629997,56.378674,258700
2011-09-08,72.16999799999999,73.110001,71.510002,71.849998,55.773208999999994,277200
2011-09-09,71.699997,72.059998,68.620003,68.870003,53.460003,719300
2011-09-12,68.08000200000001,68.660004,66.68,67.889999,52.69928,594300
2011-09-13,68.129997,68.440002,66.879997,67.83000200000001,52.65271,627400
2011-09-14,68.370003,68.599998,66.889999,68.139999,52.893349,622700
2011-09-15,68.989998,69.199997,68.190002,68.800003,53.405663,503000
2011-09-16,68.889999,69.0,67.620003,68.559998,53.219368,1091400
2011-09-19,67.269997,67.690002,65.91999799999999,66.160004,51.35638,764000
2011-09-20,66.639999,67.010002,65.93,66.089996,51.302044,719500
2011-09-21,66.029999,66.290001,62.419998,62.48,48.499798,872400
2011-09-22,60.59,61.599998,59.330002,60.09,46.644573,696500
2011-09-23,59.75,60.450001,59.459998999999996,60.299999,46.807594,592300
2011-09-26,60.66,61.02,59.799999,60.880001,47.257809,573500
2011-09-27,61.599998,63.080002,61.459998999999996,61.91,48.057339,516800
2011-09-28,61.689999,62.5,60.34,60.470001,47.298611,669000
2011-09-29,61.889998999999996,62.77,61.330002,62.77,49.097645,576300
2011-09-30,61.990002000000004,63.130001,61.32,61.389998999999996,48.018223,632800
2011-10-03,60.959998999999996,61.299999,57.09,57.189999,44.733055,649400
2011-10-04,57.099998,60.549999,56.099998,60.419998,47.259502000000005,843600
2011-10-05,60.400002,60.880001,57.009997999999996,59.459998999999996,46.508621000000005,716300
2011-10-06,59.459998999999996,62.150002,59.02,62.060001,48.542297,473500
2011-10-07,62.439999,62.779999,59.23,59.669998,46.672878000000004,535000
2011-10-10,60.959998999999996,61.91,60.59,61.720001,48.276344,564600
2011-10-11,60.860001000000004,61.540001000000004,59.200001,60.119999,47.024845,804100
2011-10-12,60.84,62.189999,60.189999,60.790001000000004,47.548916,515000
2011-10-13,60.380001,62.259997999999996,59.52,61.709998999999996,48.268532,783000
2011-10-14,62.509997999999996,64.58000200000001,62.189999,64.370003,50.349136,470900
2011-10-17,63.919998,64.449997,63.200001,63.84,49.934582,826300
2011-10-18,64.110001,66.440002,63.740002000000004,66.230003,51.804001,646000
2011-10-19,66.019997,66.699997,64.959999,65.349998,51.115669,631000
2011-10-20,65.360001,66.129997,63.549999,66.129997,51.725769,539300
2011-10-21,66.93,68.25,66.480003,67.83000200000001,53.055504000000006,486900
2011-10-24,67.690002,71.07,67.690002,70.620003,55.237793,608100
2011-10-25,69.879997,70.0,68.379997,68.809998,53.822029,498900
2011-10-26,67.089996,68.709999,65.040001,66.18,51.764893,1683300
2011-10-27,68.290001,68.83000200000001,66.559998,67.769997,53.008553000000006,1056300
2011-10-28,67.510002,68.209999,67.010002,67.949997,53.149353000000005,484100
2011-10-31,66.870003,67.440002,66.050003,66.089996,51.694492,451400
2011-11-01,64.160004,65.309998,63.189999,63.439999,49.621708,604100
2011-11-02,64.68,66.769997,64.16999799999999,66.449997,51.97607,593500
2011-11-03,67.279999,68.650002,65.809998,68.610001,53.665581,674300
2011-11-04,67.82,68.940002,67.32,68.910004,53.900249,437400
2011-11-07,68.690002,69.800003,68.220001,69.040001,54.001923,597600
2011-11-08,69.209999,69.809998,67.650002,69.690002,54.510338,425600
2011-11-09,68.25,68.440002,67.040001,67.220001,52.578354000000004,1006900
2011-11-10,68.279999,68.279999,66.389999,66.790001,52.242027,542200
2011-11-11,67.389999,68.870003,67.029999,68.389999,53.493511,774400
2011-11-14,67.870003,67.870003,66.379997,66.779999,52.234192,1012900
2011-11-15,66.459999,68.519997,66.389999,68.029999,53.211932999999995,501400
2011-11-16,67.529999,68.379997,67.08000200000001,67.279999,52.625294,460800
2011-11-17,67.309998,67.519997,65.540001,66.040001,51.65538,666700
2011-11-18,66.5,66.510002,65.230003,66.410004,51.944790000000005,426800
2011-11-21,65.379997,65.540001,64.150002,64.25,50.255268,702400
2011-11-22,64.059998,64.529999,63.5,63.73,49.848534,348700
2011-11-23,63.16,63.209998999999996,61.950001,62.0,48.495360999999995,366000
2011-11-25,61.77,63.490002000000004,61.650002,62.23,48.675247,101000
2011-11-28,64.220001,64.269997,63.23,63.790001000000004,49.895462,599500
2011-11-29,63.869999,64.269997,63.07,63.299999,49.512196,536100
2011-11-30,65.610001,65.690002,64.720001,65.559998,51.279926,1007400
2011-12-01,65.5,66.389999,64.239998,66.0,51.624088,921900
2011-12-02,66.32,67.089996,65.870003,66.089996,51.694492,754200
2011-12-05,67.029999,68.699997,66.690002,68.139999,53.297966,742600
2011-12-06,67.900002,67.970001,66.910004,67.540001,52.828667,447900
2011-12-07,67.209999,68.519997,66.519997,68.349998,53.462215,461600
2011-12-08,67.900002,67.91999799999999,66.480003,66.610001,52.101223,487600
2011-12-09,66.82,68.110001,66.68,67.760002,53.000748,338900
2011-12-12,66.91999799999999,66.91999799999999,65.290001,65.68,51.373787,399600
2011-12-13,66.099998,66.860001,64.43,64.949997,50.802792,329500
2011-12-14,64.510002,65.110001,63.810001,64.400002,50.372593,523800
2011-12-15,65.230003,65.629997,64.610001,65.370003,51.131321,464000
2011-12-16,66.08000200000001,67.010002,65.739998,66.260002,51.827457,846900
2011-12-19,66.33000200000001,66.91999799999999,65.800003,66.0,51.624088,409000
2011-12-20,67.07,68.440002,67.0,68.050003,53.227562,315800
2011-12-21,67.980003,68.519997,67.470001,68.519997,53.5952,400100
2011-12-22,68.550003,70.059998,68.389999,69.43,54.306999,430700
2011-12-23,69.519997,69.870003,69.309998,69.400002,54.283527,541800
2011-12-27,69.16999799999999,70.260002,68.650002,69.870003,54.65114200000001,189100
2011-12-28,69.629997,69.629997,68.260002,68.33000200000001,53.824051000000004,292500
2011-12-29,68.730003,69.309998,68.540001,69.269997,54.564499,204600
2011-12-30,69.32,69.860001,68.760002,68.970001,54.328175,335600
2012-01-03,70.269997,70.860001,68.300003,68.82,54.210018000000005,486700
2012-01-04,68.440002,68.589996,67.41999799999999,67.489998,53.162380000000006,486600
2012-01-05,67.32,68.800003,66.900002,68.620003,54.052475,515100
2012-01-06,68.68,69.199997,68.040001,68.199997,53.721644999999995,306700
2012-01-09,68.220001,68.800003,67.849998,68.449997,53.91856,198500
2012-01-10,69.120003,70.160004,68.760002,69.660004,54.87169300000001,551700
2012-01-11,69.32,70.650002,69.139999,70.370003,55.430977,257500
2012-01-12,70.029999,70.08000200000001,68.980003,69.629997,54.848076,321500
2012-01-13,69.160004,69.730003,68.889999,69.68,54.887451,497300
2012-01-17,70.290001,70.879997,70.0,70.339996,55.40734499999999,421200
2012-01-18,70.32,71.610001,70.160004,71.209999,56.09265500000001,272100
2012-01-19,71.400002,71.550003,70.58000200000001,70.779999,55.753921999999996,442500
2012-01-20,70.589996,71.620003,70.360001,71.489998,56.31320600000001,434200
2012-01-23,71.480003,72.150002,71.08000200000001,71.739998,56.510128,276000
2012-01-24,71.260002,71.839996,71.129997,71.300003,56.163551,354500
2012-01-25,71.339996,71.879997,71.040001,71.58000200000001,56.384098,555400
2012-01-26,72.239998,72.66999799999999,71.709999,72.050003,56.754326,385500
2012-01-27,71.849998,73.0,71.769997,72.589996,57.17966800000001,275400
2012-01-30,71.910004,72.150002,71.519997,72.059998,56.762203,282300
2012-01-31,72.470001,72.629997,71.860001,72.410004,57.037884,521100
2012-02-01,72.860001,73.470001,72.68,73.470001,57.872864,513100
2012-02-02,73.660004,73.910004,72.940002,73.309998,57.746853,311400
2012-02-03,74.08000200000001,74.349998,73.83000200000001,74.260002,58.49514,349500
2012-02-06,73.959999,74.43,73.610001,74.32,58.542418999999995,319500
2012-02-07,74.260002,74.449997,73.18,73.66999799999999,58.030426,339900
2012-02-08,72.5,73.75,72.050003,72.75,57.305725,441100
2012-02-09,72.970001,73.260002,71.75,72.5,57.108803,305400
2012-02-10,71.540001,72.290001,71.370003,71.769997,56.533756000000004,317700
2012-02-13,73.639999,73.639999,71.709999,72.620003,57.203316,304000
2012-02-14,72.470001,72.540001,71.43,71.769997,56.533756000000004,369800
2012-02-15,72.050003,72.440002,71.41999799999999,71.699997,56.478621999999994,271700
2012-02-16,71.769997,73.220001,71.720001,72.980003,57.486885,547600
2012-02-17,73.309998,73.389999,72.410004,72.82,57.360851000000004,286600
2012-02-21,72.739998,73.029999,71.18,71.339996,56.19503,496500
2012-02-22,71.230003,71.949997,70.209999,70.309998,55.383717000000004,351400
2012-02-23,70.41999799999999,71.41999799999999,70.41999799999999,71.040001,55.958732999999995,545300
2012-02-24,71.190002,71.610001,70.599998,70.75,55.730305,614300
2012-02-27,70.400002,70.860001,69.82,70.68,55.675163,792600
2012-02-28,70.879997,71.720001,70.58000200000001,71.599998,56.399857,643400
2012-02-29,71.650002,72.32,71.370003,71.690002,56.470749,530600
2012-03-01,71.75,72.550003,71.690002,72.18,56.856708999999995,389100
2012-03-02,72.099998,72.769997,71.43,71.57,56.376220999999994,262400
2012-03-05,71.279999,72.589996,71.239998,72.16999799999999,56.848827,299800
2012-03-06,71.41999799999999,72.040001,70.540001,70.660004,55.659409,333400
2012-03-07,70.910004,71.129997,70.239998,70.91999799999999,55.864201,247800
2012-03-08,71.279999,71.489998,70.459999,70.610001,55.620022,313000
2012-03-09,70.769997,71.769997,70.589996,71.589996,56.391979000000006,320000
2012-03-12,71.709999,72.150002,71.489998,71.589996,56.391979000000006,246100
2012-03-13,71.989998,73.32,71.989998,73.269997,57.715320999999996,500200
2012-03-14,73.32,73.629997,72.650002,72.809998,57.352966,258200
2012-03-15,72.910004,72.910004,72.190002,72.650002,57.22694,358700
2012-03-16,72.660004,73.110001,72.440002,72.709999,57.274216,544700
2012-03-19,72.720001,73.910004,72.309998,73.540001,57.928017000000004,268200
2012-03-20,72.790001,73.730003,72.790001,73.58000200000001,57.959503000000005,261200
2012-03-21,73.650002,73.650002,73.040001,73.300003,57.738972,347800
2012-03-22,72.599998,72.75,71.709999,72.349998,56.990635,343200
2012-03-23,72.220001,72.720001,71.540001,72.459999,57.077282,284800
2012-03-26,73.099998,73.25,72.269997,72.660004,57.234832999999995,339500
2012-03-27,72.739998,73.190002,72.41999799999999,72.760002,57.31360600000001,261900
2012-03-28,72.129997,72.660004,71.339996,72.440002,57.448414,442800
2012-03-29,71.550003,72.83000200000001,71.550003,72.650002,57.614948,413800
2012-03-30,72.739998,73.279999,72.489998,73.129997,57.995625,398900
2012-04-02,73.050003,73.610001,72.860001,73.410004,58.217667000000006,470500
2012-04-03,73.480003,73.809998,72.559998,73.150002,58.011481999999994,513200
2012-04-04,72.650002,72.959999,72.059998,72.589996,57.567352,334900
2012-04-05,72.239998,72.709999,71.769997,72.029999,57.123259999999995,278200
2012-04-09,71.029999,71.410004,70.739998,71.18,56.449183999999995,228200
2012-04-10,71.269997,72.41999799999999,69.760002,69.900002,55.434067000000006,486800
2012-04-11,70.449997,70.540001,69.839996,70.199997,55.671989,413900
2012-04-12,70.110001,71.660004,70.010002,71.639999,56.813988,241800
2012-04-13,71.529999,71.970001,71.059998,71.150002,56.425365,458600
2012-04-16,71.690002,73.18,71.589996,72.849998,57.773559999999996,306200
2012-04-17,73.269997,74.08000200000001,72.83000200000001,73.83000200000001,58.550751,319000
2012-04-18,73.410004,73.739998,72.910004,72.949997,57.852879,180100
2012-04-19,73.029999,73.33000200000001,72.389999,72.610001,57.583218,341200
2012-04-20,73.019997,74.5,72.980003,73.879997,58.590396999999996,292400
2012-04-23,73.25,73.400002,72.540001,72.83000200000001,57.757706000000006,391400
2012-04-24,73.0,73.5,72.959999,73.199997,58.051120999999995,535600
2012-04-25,73.709999,74.58000200000001,73.709999,74.43,59.02658100000001,414600
2012-04-26,74.360001,74.82,73.769997,74.629997,59.185192,459100
2012-04-27,75.040001,75.120003,74.25,74.769997,59.296215000000004,298600
2012-04-30,74.599998,75.08000200000001,74.019997,74.91999799999999,59.415156999999994,322000
2012-05-01,74.879997,76.5,74.379997,75.639999,59.986153,213900
2012-05-02,73.959999,75.870003,73.790001,75.620003,59.970299,340500
2012-05-03,75.699997,75.910004,74.849998,74.940002,59.43101899999999,380100
2012-05-04,74.760002,74.900002,74.07,74.33000200000001,58.947266000000006,350400
2012-05-07,74.010002,75.019997,73.989998,74.75,59.280345999999994,289000
2012-05-08,74.230003,75.099998,74.199997,75.019997,59.49448,375700
2012-05-09,74.33000200000001,75.790001,74.160004,74.989998,59.47068,348200
2012-05-10,75.470001,75.470001,74.209999,74.5,59.082088,322300
2012-05-11,73.980003,75.739998,73.980003,75.150002,59.597584,419200
2012-05-14,74.279999,74.620003,73.900002,74.07,58.741077000000004,396200
2012-05-15,73.889999,74.209999,72.730003,73.050003,57.932159,403700
2012-05-16,73.300003,73.349998,72.269997,72.32,57.353249,356100
2012-05-17,72.360001,72.599998,69.650002,69.650002,55.235808999999996,450900
2012-05-18,69.970001,70.110001,68.07,68.139999,54.038306999999996,350800
2012-05-21,68.300003,69.470001,67.959999,69.230003,54.902725,576500
2012-05-22,69.349998,69.980003,68.879997,69.550003,55.15650600000001,427900
2012-05-23,68.849998,70.300003,68.41999799999999,70.190002,55.664063,304000
2012-05-24,70.5,70.93,69.660004,70.519997,55.925762,192700
2012-05-25,70.440002,70.639999,69.459999,69.83000200000001,55.378574,327800
2012-05-29,70.16999799999999,70.690002,69.989998,70.269997,55.727497,338700
2012-05-30,69.639999,69.68,68.389999,68.41999799999999,54.260360999999996,477800
2012-05-31,68.57,69.260002,67.839996,68.459999,54.292072,511500
2012-06-01,67.41999799999999,68.5,67.400002,67.980003,53.911423,682700
2012-06-04,68.199997,68.470001,67.510002,68.309998,54.173122,469200
2012-06-05,67.949997,69.519997,67.870003,69.33000200000001,54.982029000000004,440200
2012-06-06,70.099998,70.699997,69.440002,70.550003,55.949562,768800
2012-06-07,71.190002,71.489998,70.239998,70.400002,55.830601,393700
2012-06-08,70.25,71.050003,69.949997,71.010002,56.31434599999999,417300
2012-06-11,71.400002,71.41999799999999,68.83000200000001,68.959999,54.688602,350800
2012-06-12,69.300003,69.610001,68.660004,69.360001,55.005829000000006,289600
2012-06-13,69.309998,70.0,68.849998,69.099998,54.799637,270300
2012-06-14,69.260002,70.82,69.260002,70.550003,55.949562,314300
2012-06-15,70.550003,70.779999,70.010002,70.18,55.656128,614600
2012-06-18,70.050003,71.150002,69.790001,70.900002,56.22713100000001,315200
2012-06-19,71.160004,72.019997,70.57,71.43,56.647434,325500
2012-06-20,71.519997,72.0,71.040001,71.410004,56.631561,270400
2012-06-21,71.41999799999999,71.660004,69.589996,69.790001,55.346835999999996,317900
2012-06-22,70.279999,70.349998,69.510002,69.889999,55.426140000000004,271100
2012-06-25,69.129997,69.370003,68.660004,69.120003,54.81548299999999,175500
2012-06-26,69.309998,69.779999,68.690002,69.519997,55.132709999999996,288000
2012-06-27,69.41999799999999,69.760002,68.779999,69.440002,55.476257,242200
2012-06-28,69.010002,70.639999,68.82,70.58000200000001,56.386993000000004,383600
2012-06-29,72.0,72.75,71.629997,72.720001,58.096661,317900
2012-07-02,72.709999,72.989998,72.220001,72.739998,58.112643999999996,343900
2012-07-03,72.900002,74.129997,72.779999,73.779999,58.943512,136300
2012-07-05,73.720001,74.18,73.349998,73.589996,58.791709999999995,188600
2012-07-06,72.779999,73.540001,72.779999,73.400002,58.639922999999996,123400
2012-07-09,73.339996,73.339996,72.529999,73.230003,58.504112,177100
2012-07-10,73.43,73.849998,72.239998,72.57,57.976822,169000
2012-07-11,72.639999,72.790001,72.160004,72.559998,57.968844999999995,164800
2012-07-12,72.129997,72.779999,71.449997,72.16999799999999,57.657253000000004,242800
2012-07-13,72.510002,73.5,72.379997,73.309998,58.568034999999995,181400
2012-07-16,73.279999,73.449997,72.959999,73.16999799999999,58.456173,213900
2012-07-17,73.360001,74.470001,72.889999,74.150002,59.239109,167800
2012-07-18,74.099998,74.18,73.550003,73.610001,58.807701,276800
2012-07-19,73.849998,74.290001,72.699997,72.949997,58.280421999999994,354400
2012-07-20,72.660004,73.059998,72.059998,72.360001,57.809063,303700
2012-07-23,71.639999,72.400002,71.370003,72.139999,57.63330799999999,178500
2012-07-24,72.18,72.300003,70.970001,71.739998,57.313725,298900
2012-07-25,71.900002,72.269997,71.269997,71.43,57.066070999999994,259800
2012-07-26,72.290001,72.870003,71.279999,71.730003,57.305748,236000
2012-07-27,72.050003,73.239998,71.870003,72.5,57.920914,211200
2012-07-30,72.730003,73.470001,72.32,72.5,57.920914,229100
2012-07-31,71.25,73.849998,71.25,73.480003,58.703842,492700
2012-08-01,73.889999,74.290001,72.660004,72.760002,58.128631999999996,426500
2012-08-02,72.309998,73.129997,71.949997,72.980003,58.304382,487600
2012-08-03,73.860001,74.139999,73.269997,73.550003,58.75976899999999,220400
2012-08-06,73.519997,74.0,73.519997,73.760002,58.927528,195900
2012-08-07,74.0,74.0,73.029999,73.25,58.520092000000005,301000
2012-08-08,73.050003,73.199997,72.400002,73.0,58.320358,342800
2012-08-09,72.900002,73.309998,72.010002,72.739998,58.112643999999996,215600
2012-08-10,72.449997,73.459999,72.120003,73.449997,58.679863,284800
2012-08-13,73.510002,74.139999,72.970001,74.099998,59.199169,342200
2012-08-14,74.459999,74.459999,73.470001,73.690002,58.871613,192700
2012-08-15,73.779999,74.220001,73.449997,73.949997,59.079327,223000
2012-08-16,73.839996,74.33000200000001,73.349998,74.239998,59.311005,143200
2012-08-17,74.199997,74.470001,73.160004,73.389999,58.631935,251600
2012-08-20,73.110001,73.489998,72.5,73.290001,58.552043999999995,330900
2012-08-21,73.449997,74.190002,73.269997,73.83000200000001,58.983470999999994,202700
2012-08-22,73.57,74.040001,73.040001,73.800003,58.959499,182500
2012-08-23,73.839996,73.860001,73.18,73.25,58.520092000000005,177800
2012-08-24,73.089996,73.550003,72.720001,73.33000200000001,58.58400699999999,145800
2012-08-27,73.660004,73.699997,72.989998,73.120003,58.416229,191000
2012-08-28,72.910004,73.989998,72.760002,73.849998,58.999428,253100
2012-08-29,74.059998,74.309998,73.480003,74.099998,59.199169,215100
2012-08-30,73.66999799999999,74.220001,73.559998,74.059998,59.167198,249900
2012-08-31,74.220001,74.349998,73.709999,73.900002,59.039382999999994,362600
2012-09-04,73.889999,74.650002,73.370003,74.440002,59.470794999999995,349600
2012-09-05,74.449997,74.790001,74.029999,74.540001,59.550681999999995,264800
2012-09-06,74.650002,75.400002,74.029999,74.959999,59.886207999999996,308800
2012-09-07,75.139999,75.639999,74.730003,75.099998,59.998066,225100
2012-09-10,74.980003,75.120003,74.410004,74.510002,59.526711,157100
2012-09-11,74.410004,74.83000200000001,74.290001,74.660004,59.646542000000004,233000
2012-09-12,74.83000200000001,74.889999,74.339996,74.620003,59.61459,273000
2012-09-13,74.82,75.82,74.650002,75.58000200000001,60.381527,479300
2012-09-14,75.5,76.940002,75.5,76.650002,61.236374,437600
2012-09-17,76.860001,77.099998,75.959999,75.989998,60.709106000000006,297300
2012-09-18,75.800003,75.949997,75.099998,75.32,60.17381999999999,215900
2012-09-19,75.389999,75.650002,74.860001,74.910004,59.846272,339700
2012-09-20,74.82,75.199997,72.010002,74.379997,59.422855000000006,323600
2012-09-21,74.860001,75.089996,74.41999799999999,74.510002,59.526711,539500
2012-09-24,74.019997,75.339996,74.019997,74.910004,59.846272,612200
2012-09-25,75.25,75.349998,73.800003,73.800003,58.959499,771200
2012-09-26,73.559998,74.08000200000001,72.970001,73.16999799999999,58.87900500000001,313500
2012-09-27,73.32,73.980003,73.019997,73.57,59.20089,303700
2012-09-28,73.07,73.940002,72.879997,73.519997,59.160641000000005,424900
2012-10-01,74.010002,74.410004,71.75,72.75,58.541045999999994,497300
2012-10-02,72.75,72.870003,72.25,72.699997,58.500813,364900
2012-10-03,72.720001,73.889999,72.660004,72.959999,58.71003,235500
2012-10-04,73.379997,73.559998,72.379997,72.839996,58.613461,294400
2012-10-05,73.139999,73.239998,72.449997,72.68,58.48471800000001,224700
2012-10-08,72.43,72.730003,72.160004,72.599998,58.420341,149400
2012-10-09,72.809998,73.099998,72.379997,72.470001,58.315739,206000
2012-10-10,72.650002,72.989998,72.099998,72.870003,58.637611,197800
2012-10-11,73.300003,73.650002,72.82,73.029999,58.766365,204200
2012-10-12,73.120003,73.489998,72.57,72.769997,58.557143999999994,479900
2012-10-15,72.989998,73.870003,72.629997,73.849998,59.426193000000005,236300
2012-10-16,74.019997,74.459999,73.639999,73.860001,59.43425799999999,151300
2012-10-17,73.790001,74.290001,73.190002,74.040001,59.579097999999995,339300
2012-10-18,73.889999,74.459999,73.790001,74.25,59.748089,314700
2012-10-19,74.110001,74.589996,73.370003,73.379997,59.048012,511500
2012-10-22,72.529999,73.769997,72.260002,72.720001,58.516911,414100
2012-10-23,72.190002,72.360001,71.290001,71.720001,57.712223,410200
2012-10-24,71.93,71.980003,71.18,71.510002,57.543236,316100
2012-10-25,71.589996,72.190002,70.230003,71.099998,57.213322,223500
2012-10-26,70.860001,70.860001,69.83000200000001,70.07,56.384502000000005,592600
2012-10-31,70.0,70.610001,68.879997,70.43,56.674175,485700
2012-11-01,70.230003,70.800003,69.32,69.66999799999999,56.062614,597400
2012-11-02,70.290001,70.5,69.699997,69.879997,56.231590000000004,348200
2012-11-05,69.839996,70.019997,68.550003,69.650002,56.046524,318100
2012-11-06,69.760002,69.980003,68.769997,69.25,55.724628,414700
2012-11-07,68.879997,69.239998,68.199997,68.269997,54.936039,328000
2012-11-08,68.32,68.339996,67.239998,67.279999,54.139407999999996,388700
2012-11-09,67.139999,68.050003,66.610001,67.449997,54.276196,239200
2012-11-12,66.849998,67.300003,65.949997,66.160004,53.238158999999996,422100
2012-11-13,65.860001,66.470001,65.790001,66.230003,53.294491,263500
2012-11-14,66.260002,66.300003,64.58000200000001,64.75,52.10355,348400
2012-11-15,64.57,65.489998,64.089996,65.110001,52.393234,1007100
2012-11-16,65.400002,66.760002,65.110001,66.58000200000001,53.57611800000001,1089500
2012-11-19,67.440002,67.769997,65.589996,67.300003,54.155514000000004,427600
2012-11-20,66.949997,67.510002,66.620003,67.459999,54.284248,284000
2012-11-21,67.5,67.650002,66.849998,67.32,54.171597,394600
2012-11-23,67.769997,68.059998,67.290001,68.019997,54.734867,182900
2012-11-26,67.5,68.41999799999999,67.239998,67.779999,54.541740000000004,304800
2012-11-27,67.139999,67.769997,66.059998,67.459999,54.284248,738200
2012-11-28,67.190002,67.849998,66.489998,67.709999,54.485413,294500
2012-11-29,67.940002,67.959999,67.459999,67.940002,54.670502,297000
2012-11-30,67.959999,68.470001,67.599998,67.91999799999999,54.65440400000001,389500
2012-12-03,68.050003,68.800003,68.029999,68.440002,55.072844999999994,274800
2012-12-04,68.33000200000001,68.849998,68.220001,68.459999,55.08894300000001,395500
2012-12-05,68.529999,69.0,68.040001,68.730003,55.306202,759600
2012-12-06,68.989998,69.879997,68.989998,69.75,56.126991000000004,442300
2012-12-07,69.870003,70.150002,69.57,70.129997,56.432774,403400
2012-12-10,70.269997,71.089996,70.07,70.339996,56.601749,299500
2012-12-11,70.559998,70.610001,70.07,70.220001,56.505177,267000
2012-12-12,70.279999,70.57,69.709999,70.129997,56.432774,233200
2012-12-13,70.129997,70.18,69.269997,69.730003,56.110893000000004,207700
2012-12-14,69.529999,69.91999799999999,69.160004,69.25,55.724628,696700
2012-12-17,69.550003,69.83000200000001,69.360001,69.760002,56.135025,445200
2012-12-18,69.68,70.410004,69.550003,69.889999,56.239635,787700
2012-12-19,70.0,70.0,68.809998,69.57,55.98214,432500
2012-12-20,69.66999799999999,70.610001,69.66999799999999,70.449997,56.690262,456300
2012-12-21,70.0,70.620003,69.459999,69.540001,55.957989000000005,969400
2012-12-24,69.779999,70.040001,69.139999,69.550003,55.966049,240000
2012-12-26,69.68,69.870003,69.089996,69.139999,55.636131000000006,495900
2012-12-27,68.93,69.260002,67.809998,68.400002,55.490108,693600
2012-12-28,68.040001,68.440002,67.879997,68.160004,55.295398999999996,482900
2012-12-31,68.019997,69.32,67.75,69.32,56.236454,529500
2013-01-02,70.410004,70.660004,69.769997,70.629997,57.299209999999995,505300
2013-01-03,70.550003,71.129997,70.400002,70.980003,57.583141000000005,356400
2013-01-04,70.989998,71.760002,70.620003,71.639999,58.118565000000004,492100
2013-01-07,71.309998,72.0,71.309998,71.959999,58.37815500000001,351300
2013-01-08,71.83000200000001,72.040001,71.550003,71.699997,58.167255000000004,408500
2013-01-09,72.050003,72.260002,71.760002,72.089996,58.483654,1476900
2013-01-10,72.400002,72.400002,71.900002,71.91999799999999,58.345734,619900
2013-01-11,71.739998,72.309998,71.739998,72.279999,58.637775,341700
2013-01-14,72.160004,72.389999,72.010002,72.389999,58.727019999999996,349800
2013-01-15,71.760002,72.75,71.629997,72.699997,58.978512,364800
2013-01-16,72.339996,72.589996,72.099998,72.360001,58.702686,606000
2013-01-17,72.470001,72.790001,72.260002,72.400002,58.735123,287300
2013-01-18,72.699997,72.699997,72.199997,72.650002,58.937943000000004,638700
2013-01-22,72.480003,73.150002,72.480003,73.08000200000001,59.286789,271500
2013-01-23,72.980003,73.07,72.709999,72.760002,59.027176000000004,197600
2013-01-24,72.93,73.18,72.519997,72.980003,59.205654,222500
2013-01-25,72.83000200000001,73.440002,72.769997,73.339996,59.497710999999995,352200
2013-01-28,73.43,73.470001,72.82,73.190002,59.376034,379100
2013-01-29,73.099998,73.510002,72.970001,73.470001,59.603168000000004,236700
2013-01-30,73.32,73.489998,72.949997,73.209999,59.392254,414800
2013-01-31,73.139999,73.139999,72.449997,72.5,58.81626899999999,539600
2013-02-01,73.150002,73.209999,72.709999,72.900002,59.140758999999996,440200
2013-02-04,72.709999,73.0,71.959999,72.110001,58.499874,717100
2013-02-05,72.589996,72.589996,71.910004,72.120003,58.507992,540500
2013-02-06,71.879997,72.809998,71.879997,72.779999,59.043415,313800
2013-02-07,72.599998,72.599998,71.699997,72.470001,58.791927,288500
2013-02-08,72.720001,72.720001,72.199997,72.620003,58.913608999999994,447100
2013-02-11,72.739998,73.18,72.660004,72.730003,59.002838,352800
2013-02-12,73.379997,73.5,72.790001,72.790001,59.051536999999996,409200
2013-02-13,72.800003,73.099998,72.290001,72.360001,58.702686,429600
2013-02-14,72.309998,72.360001,71.41999799999999,71.559998,58.053665,762500
2013-02-15,71.68,72.010002,70.970001,71.620003,58.10235600000001,964100
2013-02-19,71.599998,72.150002,71.58000200000001,71.91999799999999,58.345734,457800
2013-02-20,72.010002,72.480003,71.400002,71.860001,58.297054,1001100
2013-02-21,71.75,71.849998,71.199997,71.43,57.948212,523100
2013-02-22,71.870003,72.260002,71.75,72.120003,58.507992,270300
2013-02-25,72.190002,72.239998,70.550003,70.58000200000001,57.258635999999996,363700
2013-02-26,70.970001,71.150002,70.07,70.879997,57.50201800000001,297200
2013-02-27,70.800003,71.519997,70.5,71.239998,57.794067000000005,262600
2013-02-28,71.029999,71.599998,71.019997,71.139999,57.71294,475300
2013-03-01,70.849998,71.370003,70.199997,71.010002,57.607491,429700
2013-03-04,70.889999,71.949997,70.68,71.849998,58.28893299999999,406100
2013-03-05,71.690002,72.519997,71.690002,72.519997,58.832469999999994,234800
2013-03-06,72.839996,72.839996,71.779999,72.290001,58.64589300000001,261300
2013-03-07,72.410004,72.720001,71.970001,72.25,58.613453,295800
2013-03-08,72.480003,72.529999,71.790001,71.970001,58.386272,306700
2013-03-11,71.900002,72.309998,71.519997,72.290001,58.64589300000001,307900
2013-03-12,72.059998,72.209999,71.610001,72.029999,58.43496700000001,313400
2013-03-13,72.150002,72.300003,71.760002,71.82,58.26459499999999,274600
2013-03-14,71.720001,72.309998,71.449997,71.510002,58.013111,370100
2013-03-15,71.709999,71.720001,71.269997,71.410004,57.931988,709100
2013-03-18,71.089996,71.5,70.809998,70.910004,57.526371,602100
2013-03-19,71.050003,71.239998,70.489998,71.0,57.599357999999995,251100
2013-03-20,71.220001,71.260002,70.699997,71.029999,57.623706999999996,266700
2013-03-21,70.650002,71.559998,70.650002,71.339996,57.875195,427300
2013-03-22,71.559998,71.93,71.410004,71.610001,58.094238,298900
2013-03-25,71.860001,71.889999,71.209999,71.43,57.948212,244300
2013-03-26,71.0,71.610001,70.870003,71.489998,58.488174,249400
2013-03-27,71.0,71.0,70.199997,70.860001,57.972758999999996,552700
2013-03-28,70.970001,71.18,70.709999,70.980003,58.070927000000005,457000
2013-04-01,70.709999,71.089996,70.540001,70.870003,57.980934,308600
2013-04-02,71.029999,71.379997,70.599998,70.66999799999999,57.817322,336100
2013-04-03,70.839996,71.150002,70.0,70.209999,57.440968000000005,333600
2013-04-04,70.489998,70.739998,70.150002,70.610001,57.768218999999995,879600
2013-04-05,70.089996,70.66999799999999,69.68,70.589996,57.751865,654100
2013-04-08,70.760002,71.650002,70.410004,71.650002,58.619064,625600
2013-04-09,71.620003,71.790001,70.870003,71.41999799999999,58.430916,309900
2013-04-10,71.629997,71.879997,71.5,71.589996,58.569992000000006,415600
2013-04-11,71.599998,72.459999,71.599998,72.089996,58.979061,374900
2013-04-12,71.910004,72.239998,71.730003,72.239998,59.101776,342200
2013-04-15,71.889999,72.25,70.709999,70.889999,57.997303,602400
2013-04-16,71.379997,71.449997,70.699997,71.449997,58.455456000000005,447900
2013-04-17,71.0,71.360001,70.029999,70.43,57.620971999999995,427100
2013-04-18,70.529999,70.529999,70.0,70.33000200000001,57.539139,283500
2013-04-19,70.349998,71.529999,70.16999799999999,71.239998,58.283646,566200
2013-04-22,71.16999799999999,71.370003,70.639999,70.800003,57.923653,276200
2013-04-23,71.16999799999999,71.610001,70.93,71.58000200000001,58.561809999999994,589800
2013-04-24,71.410004,71.900002,71.400002,71.58000200000001,58.561809999999994,458800
2013-04-25,71.529999,71.849998,70.900002,71.0,58.087292000000005,445400
2013-04-26,71.099998,71.099998,70.089996,70.550003,57.71915799999999,607700
2013-04-29,70.849998,71.519997,70.480003,71.489998,58.488174,567100
2013-04-30,71.120003,72.769997,70.769997,72.769997,59.535393000000006,637400
2013-05-01,72.300003,73.040001,72.25,72.629997,59.420849,468800
2013-05-02,72.58000200000001,73.589996,72.529999,73.150002,59.846275,375900
2013-05-03,73.400002,74.010002,73.260002,73.41999799999999,60.067173,570500
2013-05-06,73.610001,73.720001,73.220001,73.629997,60.238972,481300
2013-05-07,73.550003,74.389999,73.550003,74.279999,60.770748,424300
2013-05-08,73.989998,75.300003,73.989998,75.300003,61.605259,554200
2013-05-09,75.220001,75.410004,74.83000200000001,75.269997,61.580715000000005,941800
2013-05-10,75.209999,75.639999,74.849998,75.400002,61.687056999999996,447000
2013-05-13,75.400002,75.629997,75.16999799999999,75.629997,61.875248,415700
2013-05-14,74.389999,77.540001,74.25,77.400002,63.323315,4649100
2013-05-15,77.08000200000001,78.110001,76.620003,78.089996,63.887843999999994,1098800
2013-05-16,78.07,78.43,77.489998,77.800003,63.650574,801400
2013-05-17,77.860001,78.129997,77.129997,77.309998,63.249722,633800
2013-05-20,77.019997,77.260002,76.83000200000001,77.199997,63.15971,634900
2013-05-21,77.349998,77.650002,76.900002,77.040001,63.028797,1330100
2013-05-22,76.970001,77.110001,73.290001,74.16999799999999,60.680763,1397700
2013-05-23,73.379997,73.93,72.010002,73.629997,60.238972,1413300
2013-05-24,73.25,73.739998,72.410004,73.699997,60.296234,1362900
2013-05-28,74.279999,74.360001,71.809998,72.220001,59.085418999999995,650500
2013-05-29,71.709999,71.839996,69.760002,70.410004,57.604588,898000
2013-05-30,70.349998,70.93,69.629997,69.769997,57.080985999999996,972700
2013-05-31,69.75,70.08000200000001,68.470001,68.5,56.041962,1471300
2013-06-03,68.620003,68.860001,67.550003,68.699997,56.205585,932800
2013-06-04,68.860001,69.110001,67.889999,67.889999,55.54290400000001,762200
2013-06-05,67.870003,68.120003,66.970001,67.290001,55.052032,635400
2013-06-06,67.18,68.050003,66.459999,68.040001,55.665634,627300
2013-06-07,68.190002,68.510002,66.269997,67.260002,55.02749300000001,421000
2013-06-10,67.800003,68.220001,67.08000200000001,67.449997,55.182930000000006,512500
2013-06-11,66.410004,67.309998,66.260002,66.309998,54.250263000000004,398700
2013-06-12,66.760002,66.760002,65.029999,65.209999,53.350306999999994,381600
2013-06-13,65.029999,67.440002,65.019997,67.239998,55.011116,550900
2013-06-14,67.150002,68.470001,66.989998,67.75,55.42836,513200
2013-06-17,68.089996,68.459999,67.08000200000001,67.43,55.166568999999996,538700
2013-06-18,67.33000200000001,68.25,67.139999,68.089996,55.706528000000006,460100
2013-06-19,68.18,68.18,65.010002,65.400002,53.505759999999995,401900
2013-06-20,64.809998,64.959999,63.07,63.279999,51.771332,565400
2013-06-21,63.560001,64.389999,62.599998,62.889998999999996,51.452244,798800
2013-06-24,61.990002000000004,64.08000200000001,61.200001,62.66,51.264084000000004,673700
2013-06-25,63.07,63.459998999999996,62.490002000000004,63.150002,51.664963,653100
2013-06-26,63.259997999999996,64.160004,62.950001,63.869999,52.797466,606100
2013-06-27,64.779999,66.58000200000001,64.68,65.860001,54.442471,647000
2013-06-28,65.989998,66.660004,65.160004,65.720001,54.326752,944400
2013-07-01,66.019997,66.889999,65.459999,66.019997,54.574734,662200
2013-07-02,65.879997,67.550003,65.879997,67.440002,55.748562,662600
2013-07-03,67.110001,67.57,66.489998,66.91999799999999,55.318714,338300
2013-07-05,67.260002,67.510002,65.459999,66.709999,55.145123,406200
2013-07-08,67.160004,67.650002,66.940002,67.32,55.649361,333700
2013-07-09,67.43,68.779999,67.360001,68.290001,56.451191,286800
2013-07-10,68.08000200000001,68.849998,67.779999,68.440002,56.57520699999999,466500
2013-07-11,69.269997,69.93,69.190002,69.93,57.8069,512600
2013-07-12,69.779999,70.150002,68.779999,68.790001,56.864532,404700
2013-07-15,68.959999,69.900002,68.959999,69.470001,57.426643000000006,283900
2013-07-16,69.440002,69.93,68.970001,69.32,57.30265,316500
2013-07-17,69.68,69.82,69.160004,69.529999,57.476242000000006,228100
2013-07-18,69.559998,70.620003,69.559998,70.379997,58.178879,348000
2013-07-19,70.400002,70.639999,69.940002,70.08000200000001,57.930901,287000
2013-07-22,70.08000200000001,70.370003,69.75,70.360001,58.162365,355600
2013-07-23,70.440002,71.290001,70.07,71.110001,58.782322,462600
2013-07-24,71.16999799999999,71.16999799999999,69.010002,69.68,57.600246,398900
2013-07-25,69.489998,70.199997,69.209999,70.040001,57.897831000000004,279200
2013-07-26,69.860001,70.360001,69.25,69.620003,57.550647999999995,298600
2013-07-29,69.629997,69.839996,68.540001,68.730003,56.814926,442700
2013-07-30,69.089996,70.050003,68.790001,69.360001,57.335716000000005,289700
2013-07-31,69.480003,69.809998,67.629997,68.5,56.624798,436500
2013-08-01,68.910004,69.690002,68.269997,68.440002,56.57520699999999,815400
2013-08-02,68.400002,68.660004,67.010002,67.879997,56.112289000000004,491000
2013-08-05,67.690002,68.400002,67.650002,68.099998,56.294146999999995,521600
2013-08-06,67.889999,68.970001,67.760002,68.650002,56.748802000000005,573800
2013-08-07,68.449997,68.739998,67.870003,68.150002,56.335483999999994,247000
2013-08-08,68.389999,68.400002,67.58000200000001,67.709999,55.971759999999996,249100
2013-08-09,67.449997,68.980003,66.08000200000001,68.449997,56.58345799999999,244000
2013-08-12,68.260002,68.33000200000001,67.230003,67.410004,55.723766000000005,224400
2013-08-13,67.360001,67.360001,65.91999799999999,66.150002,54.682201,465900
2013-08-14,66.08000200000001,66.510002,65.800003,65.849998,54.434208,253100
2013-08-15,65.519997,65.519997,64.07,64.07,52.962784,445700
2013-08-16,63.830002,64.019997,62.080002,62.150002,51.375648,355200
2013-08-19,61.959998999999996,62.34,60.91,61.02,50.441536,468800
2013-08-20,61.16,62.709998999999996,61.16,62.459998999999996,51.631901,407000
2013-08-21,62.259997999999996,62.810001,61.400002,61.880001,51.152454,360700
2013-08-22,61.860001000000004,62.259997999999996,61.290001000000004,62.040001000000004,51.284714,323200
2013-08-23,62.259997999999996,62.400002,61.82,61.970001,51.226849,922200
2013-08-26,62.139998999999996,62.509997999999996,61.77,62.25,51.458304999999996,305800
2013-08-27,61.810001,62.509997999999996,61.52,62.299999,51.499638,248900
2013-08-28,62.41,62.41,61.790001000000004,61.919998,51.185516,254100
2013-08-29,61.950001,62.169998,61.57,62.16,51.383915,213300
2013-08-30,62.299999,62.59,61.490002000000004,61.669998,50.978851,407400
2013-09-03,62.209998999999996,62.439999,60.860001000000004,61.5,50.838328999999995,938900
2013-09-04,61.689999,62.119999,61.34,61.77,51.06152,812100
2013-09-05,61.849998,62.290001000000004,61.380001,61.43,50.78046,439100
2013-09-06,61.990002000000004,62.400002,61.689999,61.919998,51.185516,626600
2013-09-09,62.200001,63.52,61.830002,63.299999,52.326279,992000
2013-09-10,63.470001,63.880001,62.700001,63.279999,52.309753,876400
2013-09-11,63.119999,63.610001000000004,62.900002,63.389998999999996,52.400669,355300
2013-09-12,63.459998999999996,63.919998,62.77,62.990002000000004,52.070026,462100
2013-09-13,63.220001,63.279999,62.860001000000004,63.099998,52.160942,335800
2013-09-16,64.160004,64.66999799999999,63.43,63.529999,52.516399,401600
2013-09-17,63.689999,64.099998,63.470001,64.0,52.90491899999999,271600
2013-09-18,63.84,66.970001,63.16,66.949997,55.343517000000006,472500
2013-09-19,66.980003,67.620003,66.58000200000001,67.400002,55.7155,591400
2013-09-20,67.559998,67.629997,65.800003,65.889999,54.46728100000001,563400
2013-09-23,65.75,66.550003,65.519997,66.25,54.764869999999995,423300
2013-09-24,66.16999799999999,66.360001,65.370003,65.440002,54.095284,292900
2013-09-25,65.489998,66.139999,65.050003,65.389999,54.053959,274000
2013-09-26,64.720001,65.190002,64.25,64.889999,54.20431899999999,286000
2013-09-27,64.58000200000001,64.940002,63.889998999999996,64.290001,53.703117000000006,349100
2013-09-30,63.919998,64.5,63.16,63.849998,53.335575,461900
2013-10-01,63.91,65.389999,63.810001,64.510002,53.88689,722600
2013-10-02,64.279999,64.720001,63.619999,64.559998,53.92865,499500
2013-10-03,64.559998,64.720001,63.380001,63.459998999999996,53.0098,438900
2013-10-04,63.439999,63.990002000000004,63.0,63.360001000000004,52.926262,251100
2013-10-07,63.02,63.880001,63.02,63.5,53.043213,309000
2013-10-08,63.52,63.959998999999996,63.18,63.48,53.026501,348400
2013-10-09,63.689999,64.43,63.169998,63.330002,52.901210999999996,437800
2013-10-10,63.790001000000004,64.57,63.790001000000004,64.470001,53.853477000000005,471000
2013-10-11,64.160004,64.83000200000001,63.439999,63.860001000000004,53.343929,739900
2013-10-14,63.400002,64.16999799999999,63.240002000000004,63.560001,53.093327,722900
2013-10-15,63.509997999999996,63.669998,62.939999,63.189999,52.784248,626700
2013-10-16,63.360001000000004,64.360001,63.23,64.110001,53.552765,486100
2013-10-17,63.900002,66.059998,63.799999,65.980003,55.114826,601100
2013-10-18,66.089996,66.209999,65.43,66.010002,55.139885,615800
2013-10-21,66.209999,66.220001,65.32,65.739998,54.914349,325700
2013-10-22,65.93,66.809998,64.760002,66.33000200000001,55.40718100000001,333300
2013-10-23,66.18,66.629997,65.720001,66.599998,55.632729000000005,270700
2013-10-24,66.540001,66.769997,65.980003,66.43,55.490733999999996,440400
2013-10-25,66.360001,67.989998,65.660004,67.849998,56.676876,428400
2013-10-28,67.589996,67.68,66.459999,67.150002,56.092158999999995,434500
2013-10-29,67.050003,67.190002,65.620003,66.849998,55.841549,636900
2013-10-30,66.660004,66.720001,66.160004,66.610001,55.641079000000005,305900
2013-10-31,66.470001,66.959999,64.849998,65.779999,54.947754,735600
2013-11-01,65.889999,67.260002,65.449997,66.41999799999999,55.482361,317100
2013-11-04,66.41999799999999,66.709999,65.620003,66.370003,55.440601,385000
2013-11-05,66.110001,66.18,64.889999,65.269997,54.52174,473300
2013-11-06,65.639999,65.690002,64.980003,65.08000200000001,54.363032999999994,240500
2013-11-07,65.230003,65.290001,64.110001,64.400002,53.795002000000004,289100
2013-11-08,64.110001,65.18,62.59,63.669998,53.185215,268200
2013-11-11,63.77,64.139999,63.27,63.630001,53.151791,164300
2013-11-12,63.599998,63.599998,62.66,63.09,52.70073299999999,179000
2013-11-13,62.970001,63.619999,62.52,63.610001000000004,53.135105,278400
2013-11-14,63.810001,64.730003,63.810001,64.239998,53.66135,138000
2013-11-15,64.470001,64.970001,63.900002,64.93,54.237724,247600
2013-11-18,64.959999,65.16999799999999,64.43,64.629997,53.987118,272100
2013-11-19,64.370003,64.410004,63.529999,63.939999,53.410751,355200
2013-11-20,63.93,64.440002,63.220001,63.509997999999996,53.051563,326100
2013-11-21,63.700001,64.75,63.349998,64.58000200000001,53.945358,455300
2013-11-22,64.510002,64.760002,63.84,64.599998,53.962074,399500
2013-11-25,64.75,64.75,64.0,64.260002,53.678059,474100
2013-11-26,64.529999,64.599998,63.830002,64.099998,53.544403,386500
2013-11-27,64.16999799999999,64.389999,63.689999,64.150002,53.586174,303900
2013-11-29,64.269997,64.550003,63.200001,63.259997999999996,52.842739,216900
2013-12-02,63.169998,63.709998999999996,62.32,63.150002,52.750839,341100
2013-12-03,62.93,64.099998,62.759997999999996,63.200001,52.792609999999996,550300
2013-12-04,65.769997,66.300003,62.080002,62.32,52.057533,563100
2013-12-05,62.139998999999996,62.889998999999996,61.869999,62.650002,52.333187,782800
2013-12-06,63.119999,63.610001000000004,62.779999,63.290001000000004,52.86779,554600
2013-12-09,63.34,63.810001,63.02,63.599998,53.126740000000005,542100
2013-12-10,63.549999,63.98,63.330002,63.349998,52.917908,350400
2013-12-11,63.549999,64.0,61.720001,61.84,51.656582,401500
2013-12-12,61.900002,62.509997999999996,61.110001000000004,61.119999,51.055138,426200
2013-12-13,61.459998999999996,62.290001000000004,61.080002,61.450001,51.330791,548800
2013-12-16,61.720001,62.419998,61.240002000000004,61.630001,51.481152,414500
2013-12-17,61.779999,63.330002,61.5,63.299999,52.876148,565000
2013-12-18,63.330002,64.309998,62.43,64.269997,53.686413,452100
2013-12-19,63.830002,64.019997,62.610001000000004,62.630001,52.316475,362600
2013-12-20,62.610001000000004,64.239998,62.490002000000004,64.199997,53.627941,1018300
2013-12-23,64.300003,64.709999,64.040001,64.220001,53.644653000000005,567500
2013-12-24,64.16999799999999,64.639999,63.880001,64.300003,53.711475,141200
2013-12-26,64.309998,64.769997,63.610001000000004,63.98,53.444168000000005,293600
2013-12-27,63.080002,63.639998999999996,62.639998999999996,63.57,53.67213100000001,261900
2013-12-30,63.700001,63.950001,63.209998999999996,63.77,53.840988,316300
2013-12-31,63.639998999999996,64.370003,63.459998999999996,63.619999,53.714352000000005,408700
2014-01-02,63.34,64.110001,62.93,63.73,53.807217,402700
2014-01-03,63.759997999999996,64.879997,63.59,64.400002,54.372893999999995,361200
2014-01-06,64.449997,65.089996,64.059998,64.160004,54.170269,447100
2014-01-07,64.230003,64.769997,63.75,64.339996,54.322231,310600
2014-01-08,64.309998,64.620003,63.650002,64.199997,54.204041000000004,244600
2014-01-09,64.519997,64.550003,63.619999,64.120003,54.136497,329100
2014-01-10,64.519997,64.889999,63.990002000000004,64.75,54.6684,394300
2014-01-13,64.650002,64.910004,64.209999,64.41999799999999,54.389778,298200
2014-01-14,64.68,65.300003,64.66999799999999,65.040001,54.913245999999994,399300
2014-01-15,65.360001,65.970001,65.309998,65.839996,55.58868399999999,235100
2014-01-16,65.889999,66.190002,65.449997,66.010002,55.732224,399200
2014-01-17,66.410004,66.470001,65.91999799999999,66.220001,55.909523,965400
2014-01-21,66.410004,67.790001,66.199997,67.550003,57.03244,640800
2014-01-22,67.760002,68.410004,67.760002,68.339996,57.699436,1097400
2014-01-23,68.050003,68.949997,67.970001,68.699997,58.003384,759900
2014-01-24,68.660004,68.870003,67.879997,68.059998,57.463028,439600
2014-01-27,67.660004,68.279999,67.230003,67.760002,57.209743,541200
2014-01-28,67.83000200000001,68.800003,67.83000200000001,68.5,57.834526000000004,425400
2014-01-29,68.089996,68.660004,67.839996,68.5,57.834526000000004,652300
2014-01-30,68.889999,69.440002,68.339996,69.25,58.467743000000006,407900
2014-01-31,68.660004,70.519997,68.489998,70.129997,59.210735,683900
2014-02-03,70.57,70.57,69.010002,69.5,58.678825,1171700
2014-02-04,68.480003,70.379997,67.529999,70.150002,59.227623,1095300
2014-02-05,70.230003,70.57,69.900002,70.230003,59.295162,789700
2014-02-06,70.360001,71.209999,70.199997,71.08000200000001,60.012825,434900
2014-02-07,71.230003,71.639999,70.550003,70.730003,59.717316000000004,481100
2014-02-10,70.620003,71.75,70.510002,71.660004,60.502518,567900
2014-02-11,71.540001,71.93,71.129997,71.150002,60.071911,567600
2014-02-12,71.33000200000001,71.629997,70.629997,71.239998,60.147903,422500
2014-02-13,70.879997,72.029999,70.699997,71.639999,60.485622,306000
2014-02-14,71.529999,72.160004,71.43,72.010002,60.798019,226400
2014-02-18,72.089996,72.529999,71.769997,72.529999,61.237049,322900
2014-02-19,72.300003,73.410004,72.290001,72.58000200000001,61.27927,388800
2014-02-20,72.650002,73.32,71.629997,72.089996,60.865566,604600
2014-02-21,72.230003,73.110001,71.660004,72.900002,61.54945,633200
2014-02-24,72.910004,73.5,72.33000200000001,72.339996,61.076626,463700
2014-02-25,72.410004,73.300003,72.279999,72.800003,61.46501899999999,327800
2014-02-26,73.07,73.269997,72.57,72.610001,61.304588,352600
2014-02-27,72.68,73.089996,72.029999,72.529999,61.237049,230600
2014-02-28,72.529999,72.889999,72.370003,72.449997,61.169518000000004,755800
2014-03-03,72.029999,73.150002,72.0,72.839996,61.498787,500700
2014-03-04,73.459999,74.110001,73.230003,74.089996,62.554157,501300
2014-03-05,73.959999,74.339996,72.949997,73.690002,62.21645,466200
2014-03-06,73.910004,73.910004,72.910004,73.300003,61.887184,290100
2014-03-07,73.129997,73.199997,71.879997,72.459999,61.177937,379400
2014-03-10,72.33000200000001,72.510002,71.699997,71.989998,60.781119999999994,378500
2014-03-11,72.269997,73.690002,72.269997,73.279999,61.870262,373300
2014-03-12,73.110001,73.66999799999999,73.019997,73.209999,61.811165,449800
2014-03-13,73.300003,73.300003,72.540001,73.07,61.692989000000004,267200
2014-03-14,73.010002,73.650002,72.860001,72.970001,61.608551,203500
2014-03-17,73.33000200000001,73.730003,72.91999799999999,73.57,62.115124,461800
2014-03-18,73.41999799999999,73.809998,73.089996,73.720001,62.241772,357800
2014-03-19,73.83000200000001,74.239998,71.900002,71.940002,60.738921999999995,259700
2014-03-20,71.91999799999999,72.199997,71.0,72.18,60.941547,386500
2014-03-21,72.199997,73.400002,72.199997,73.160004,61.768955000000005,615500
2014-03-24,73.16999799999999,73.639999,71.989998,72.5,61.211727,343500
2014-03-25,72.790001,73.480003,72.220001,72.58000200000001,61.27927,242800
2014-03-26,72.66999799999999,72.809998,71.410004,71.459999,60.333664,389400
2014-03-27,70.730003,71.389999,70.089996,71.279999,60.777023,224900
2014-03-28,71.32,72.379997,71.269997,72.019997,61.408009,237500
2014-03-31,72.199997,73.040001,71.32,72.559998,61.868427000000004,277500
2014-04-01,71.809998,72.239998,70.970001,71.900002,61.305671999999994,839400
2014-04-02,71.839996,72.459999,71.440002,72.370003,61.70644,432500
2014-04-03,72.25,72.610001,71.989998,72.410004,61.740536,526700
2014-04-04,72.790001,72.959999,72.220001,72.529999,61.842838,275500
2014-04-07,72.629997,73.860001,72.58000200000001,73.360001,62.550564,407700
2014-04-08,73.33000200000001,73.739998,72.879997,73.019997,62.26065799999999,432700
2014-04-09,73.089996,73.349998,72.5,72.83000200000001,62.09864,194600
2014-04-10,72.959999,73.220001,71.370003,71.480003,60.947556000000006,374300
2014-04-11,71.41999799999999,72.059998,71.029999,71.150002,60.666171999999996,388000
2014-04-14,71.58000200000001,72.559998,71.150002,72.459999,61.783142000000005,397900
2014-04-15,72.510002,73.739998,72.040001,73.68,62.823399,355800
2014-04-16,73.900002,74.389999,73.440002,73.980003,63.079189,446000
2014-04-17,73.690002,73.870003,73.089996,73.279999,62.482319,302300
2014-04-21,73.220001,73.959999,73.0,73.43,62.610237,226400
2014-04-22,73.58000200000001,73.849998,72.980003,73.610001,62.763721,261200
2014-04-23,73.650002,74.010002,73.269997,73.589996,62.746639,677000
2014-04-24,73.910004,74.16999799999999,73.41999799999999,74.010002,63.104767,454500
2014-04-25,73.550003,73.970001,73.199997,73.370003,62.559070999999996,185200
2014-04-28,73.550003,73.949997,73.029999,73.68,62.823399,374300
2014-04-29,73.900002,74.150002,73.08000200000001,73.480003,62.652866,228600
2014-04-30,73.529999,73.860001,73.190002,73.82,62.942772,239700
2014-05-01,73.760002,73.860001,72.889999,73.57,62.729603000000004,386200
2014-05-02,73.470001,74.66999799999999,73.440002,74.300003,63.352043,260400
2014-05-05,73.959999,74.5,73.83000200000001,74.25,63.30941,320600
2014-05-06,73.0,74.690002,73.0,74.68,63.676044,559700
2014-05-07,74.889999,75.440002,74.220001,74.769997,63.752784999999996,494100
2014-05-08,74.730003,75.660004,74.599998,74.739998,63.727203,384100
2014-05-09,74.800003,75.25,74.489998,74.970001,63.923317000000004,290100
2014-05-12,75.190002,75.639999,74.900002,75.290001,64.196167,283900
2014-05-13,75.370003,76.07,74.68,75.0,63.948891,207200
2014-05-14,75.08000200000001,75.519997,74.41999799999999,75.239998,64.153526,281300
2014-05-15,75.050003,75.440002,74.290001,75.43,64.315536,293200
2014-05-16,75.269997,75.989998,74.970001,75.980003,64.7845,160800
2014-05-19,76.050003,76.300003,75.459999,75.660004,64.51165,257300
2014-05-20,75.58000200000001,76.019997,75.059998,75.16999799999999,64.093849,271100
2014-05-21,75.360001,75.639999,74.760002,74.980003,63.931847,171000
2014-05-22,74.970001,75.290001,74.529999,74.610001,63.61636,218200
2014-05-23,74.849998,75.410004,74.489998,75.199997,64.119438,265400
2014-05-27,75.239998,75.309998,74.260002,74.849998,63.821014,590600
2014-05-28,74.790001,74.93,74.18,74.860001,63.829529,454800
2014-05-29,75.019997,75.529999,74.709999,75.470001,64.349655,188800
2014-05-30,75.449997,76.279999,75.269997,76.089996,64.878288,521900
2014-06-02,75.91999799999999,77.08000200000001,75.809998,76.889999,65.560417,348300
2014-06-03,76.860001,77.150002,76.41999799999999,76.989998,65.64565999999999,241700
2014-06-04,76.860001,77.190002,76.519997,77.019997,65.671257,227100
2014-06-05,77.129997,78.360001,76.900002,78.300003,66.76263399999999,360000
2014-06-06,78.379997,78.690002,77.599998,77.779999,66.319275,330300
2014-06-09,77.809998,78.07,76.959999,77.18,65.80765500000001,210700
2014-06-10,77.07,77.339996,76.370003,76.650002,65.355774,255400
2014-06-11,76.599998,76.940002,76.099998,76.400002,65.142616,226300
2014-06-12,76.25,76.980003,75.739998,76.910004,65.577477,450200
2014-06-13,77.099998,77.300003,76.309998,76.730003,65.423996,214300
2014-06-16,76.75,77.139999,76.209999,76.559998,65.279037,199700
2014-06-17,76.660004,77.160004,76.41999799999999,76.860001,65.534821,362400
2014-06-18,76.83000200000001,77.519997,76.75,77.370003,65.969666,246500
2014-06-19,77.519997,77.83000200000001,77.199997,77.5,66.080536,255400
2014-06-20,77.489998,77.58000200000001,76.480003,76.940002,65.60305,666300
2014-06-23,77.040001,77.400002,76.730003,76.779999,65.46662099999999,220200
2014-06-24,76.860001,77.150002,76.58000200000001,76.940002,65.60305,241900
2014-06-25,76.980003,77.370003,76.82,77.129997,65.765038,224900
2014-06-26,76.43,76.43,75.900002,76.32,65.687576,203200
2014-06-27,76.279999,77.08000200000001,75.739998,77.059998,66.324463,441600
2014-06-30,76.910004,77.650002,76.760002,77.639999,66.823669,551100
2014-07-01,77.889999,78.150002,77.150002,77.83000200000001,66.987236,727600
2014-07-02,77.58000200000001,78.089996,77.08000200000001,77.900002,67.04746999999999,380000
2014-07-03,77.690002,77.709999,76.980003,77.360001,66.582695,269400
2014-07-07,77.08000200000001,77.650002,77.07,77.349998,66.574089,222100
2014-07-08,77.480003,77.650002,77.220001,77.540001,66.737617,220300
2014-07-09,77.519997,77.959999,76.940002,77.489998,66.69458,246100
2014-07-10,77.089996,78.129997,77.040001,77.870003,67.021652,310500
2014-07-11,78.040001,78.150002,77.610001,77.980003,67.116333,208400
2014-07-14,78.209999,78.370003,77.610001,78.160004,67.271248,284400
2014-07-15,78.300003,78.43,77.68,78.220001,67.32289899999999,209100
2014-07-16,78.410004,78.470001,77.639999,78.199997,67.305679,327700
2014-07-17,77.889999,78.239998,77.650002,77.690002,66.86673,186400
2014-07-18,77.690002,78.68,77.690002,78.66999799999999,67.710197,430500
2014-07-21,78.550003,78.779999,78.110001,78.690002,67.727432,237900
2014-07-22,79.019997,79.440002,78.83000200000001,79.400002,68.33850100000001,442000
2014-07-23,79.449997,79.540001,79.18,79.25,68.209396,217100
2014-07-24,79.43,79.730003,79.08000200000001,79.32,68.269646,263300
2014-07-25,79.160004,79.400002,78.809998,78.870003,67.882347,424200
2014-07-28,78.839996,79.440002,78.599998,79.279999,68.235199,319200
2014-07-29,79.089996,79.25,77.660004,78.5,67.563873,612600
2014-07-30,79.010002,79.010002,77.83000200000001,78.480003,67.546677,393700
2014-07-31,77.220001,79.08000200000001,76.980003,78.599998,67.649956,766800
2014-08-01,78.449997,78.959999,78.040001,78.07,67.193779,760000
2014-08-04,78.139999,78.139999,77.150002,77.809998,66.96998599999999,463800
2014-08-05,77.709999,77.839996,76.860001,77.120003,66.376122,360400
2014-08-06,76.980003,77.769997,76.959999,77.57,66.763428,435100
2014-08-07,77.589996,77.889999,76.980003,77.279999,66.513824,314400
2014-08-08,77.300003,77.66999799999999,76.82,77.629997,66.815079,269900
2014-08-11,77.889999,78.110001,77.480003,77.650002,66.832306,257900
2014-08-12,77.870003,78.050003,77.470001,77.879997,67.030243,377100
2014-08-13,77.980003,78.779999,77.980003,78.589996,67.641327,378400
2014-08-14,78.309998,78.910004,78.220001,78.389999,67.469208,348400
2014-08-15,78.790001,78.790001,77.870003,78.08000200000001,67.2024,398900
2014-08-18,78.529999,79.58000200000001,78.43,79.550003,68.46759,519400
2014-08-19,79.790001,79.870003,79.18,79.75,68.639732,291300
2014-08-20,79.870003,80.489998,79.269997,80.300003,69.113129,370100
2014-08-21,80.480003,80.650002,79.75,80.199997,69.02703100000001,315400
2014-08-22,80.010002,80.370003,79.07,79.309998,68.26104699999999,223700
2014-08-25,79.709999,80.0,78.660004,78.949997,67.951187,193400
2014-08-26,78.93,79.290001,78.879997,78.949997,67.951187,250600
2014-08-27,79.18,79.25,78.760002,78.93,67.933975,202700
2014-08-28,78.910004,79.16999799999999,78.529999,78.82,67.839294,221000
2014-08-29,78.83000200000001,79.18,78.720001,79.059998,68.04586,397700
2014-09-02,79.209999,79.540001,78.82,79.120003,68.09749599999999,604000
2014-09-03,79.389999,79.639999,79.230003,79.589996,68.502014,393200
2014-09-04,79.529999,79.860001,79.190002,79.41999799999999,68.355713,441400
2014-09-05,79.470001,80.230003,79.190002,79.879997,68.751633,515200
2014-09-08,79.629997,80.129997,79.620003,79.769997,68.656937,245700
2014-09-09,79.629997,79.629997,79.029999,79.029999,68.02005,495100
2014-09-10,78.83000200000001,79.059998,78.150002,78.220001,67.32289899999999,482200
2014-09-11,78.290001,78.91999799999999,78.08000200000001,78.800003,67.82208299999999,379400
2014-09-12,78.559998,78.57,76.139999,76.610001,65.93718,536800
2014-09-15,76.57,77.089996,76.0,76.239998,65.618721,674100
2014-09-16,76.08000200000001,76.690002,75.91999799999999,76.379997,65.73921999999999,541900
2014-09-17,76.68,77.349998,76.110001,76.279999,65.653152,501700
2014-09-18,76.33000200000001,76.360001,75.160004,75.309998,64.818291,728400
2014-09-19,75.41999799999999,75.800003,75.18,75.18,64.706406,754600
2014-09-22,75.18,75.230003,74.349998,74.379997,64.017845,416300
2014-09-23,74.260002,74.389999,73.389999,73.400002,63.174381000000004,585500
2014-09-24,73.379997,74.050003,73.08000200000001,73.809998,63.52726,874800
2014-09-25,73.760002,74.129997,73.370003,74.0,63.690773,703700
2014-09-26,73.33000200000001,74.440002,72.910004,74.339996,64.61206800000001,524800
2014-09-29,74.519997,74.58000200000001,73.690002,74.58000200000001,64.820686,536900
2014-09-30,74.75,74.800003,73.730003,73.75,64.099281,523000
2014-10-01,73.66999799999999,74.32,73.529999,74.160004,64.45565,553700
2014-10-02,74.0,74.5,73.440002,73.91999799999999,64.24704,373700
2014-10-03,74.33000200000001,74.480003,73.589996,74.129997,64.429565,323200
2014-10-06,74.209999,74.760002,74.019997,74.449997,64.70768699999999,351600
2014-10-07,74.199997,74.860001,74.010002,74.209999,64.499092,315900
2014-10-08,74.33000200000001,76.32,74.050003,76.309998,66.32431,589600
2014-10-09,76.18,77.489998,76.18,76.900002,66.837097,650700
2014-10-10,77.110001,77.91999799999999,76.739998,77.540001,67.39335600000001,703400
2014-10-13,77.610001,78.559998,77.209999,78.309998,68.062576,538900
2014-10-14,78.550003,80.43,78.309998,79.949997,69.487984,747000
2014-10-15,79.599998,80.610001,78.519997,79.989998,69.522751,1297300
2014-10-16,79.559998,80.440002,78.639999,80.290001,69.78347,898200
2014-10-17,81.0,81.0,79.209999,80.059998,69.583572,605400
2014-10-20,80.07,80.800003,79.82,80.739998,70.174583,356700
2014-10-21,81.059998,81.720001,80.739998,81.690002,71.00026700000001,380000
2014-10-22,81.66999799999999,82.449997,81.550003,81.889999,71.17411,246100
2014-10-23,82.41999799999999,82.769997,81.980003,82.519997,71.721664,423900
2014-10-24,82.459999,82.900002,81.660004,82.209999,71.452232,502400
2014-10-27,82.139999,82.650002,81.970001,82.389999,71.608688,473300
2014-10-28,82.610001,82.66999799999999,81.860001,82.32,71.547836,456900
2014-10-29,82.220001,82.41999799999999,81.440002,81.870003,71.15673100000001,487500
2014-10-30,81.620003,82.519997,81.379997,82.489998,71.695587,389900
2014-10-31,82.360001,83.459999,82.32,83.0,72.138847,590400
2014-11-03,83.239998,83.82,82.57,83.790001,72.825478,665100
2014-11-04,83.889999,84.230003,82.75,83.370003,72.46045699999999,383400
2014-11-05,83.699997,84.050003,82.800003,83.110001,72.234459,481200
2014-11-06,82.910004,83.360001,82.239998,82.470001,71.67821500000001,331900
2014-11-07,82.489998,82.93,81.949997,82.379997,71.60000600000001,328300
2014-11-10,82.25,83.800003,82.25,83.739998,72.782036,287700
2014-11-11,83.779999,84.139999,82.910004,83.480003,72.556053,233400
2014-11-12,83.32,83.529999,82.620003,82.75,71.92156999999999,312200
2014-11-13,82.989998,83.400002,82.83000200000001,83.269997,72.37352,402000
2014-11-14,83.08000200000001,83.43,82.160004,82.32,71.547836,239700
2014-11-17,82.470001,83.050003,82.410004,82.940002,72.086708,234400
2014-11-18,83.099998,83.16999799999999,82.510002,83.120003,72.243156,455400
2014-11-19,82.970001,83.160004,82.410004,82.57,71.765137,352100
2014-11-20,81.900002,82.220001,81.489998,81.58000200000001,70.904671,459100
2014-11-21,81.839996,82.550003,81.83000200000001,82.199997,71.443535,496100
2014-11-24,82.559998,84.050003,82.449997,84.0,73.008003,688800
2014-11-25,84.050003,84.209999,83.519997,83.989998,72.999321,478900
2014-11-26,83.989998,85.760002,83.989998,85.68,74.46815500000001,461700
2014-11-28,85.889999,86.599998,85.550003,85.91999799999999,74.676765,242000
2014-12-01,85.489998,86.389999,85.199997,85.879997,74.641975,385200
2014-12-02,85.540001,86.82,85.150002,86.57,75.241714,277500
2014-12-03,86.400002,86.910004,86.220001,86.389999,75.085251,288700
2014-12-04,86.849998,88.300003,86.050003,88.120003,76.588875,616500
2014-12-05,87.82,88.389999,87.059998,88.129997,76.597572,471500
2014-12-08,87.839996,89.720001,87.629997,89.699997,77.962112,553800
2014-12-09,89.610001,91.489998,89.089996,90.190002,78.38799300000001,629800
2014-12-10,90.239998,90.470001,88.709999,88.970001,77.32764399999999,449100
2014-12-11,89.58000200000001,89.639999,89.059998,89.150002,77.484085,214600
2014-12-12,88.709999,89.519997,87.860001,87.940002,76.432426,278600
2014-12-15,88.089996,88.260002,86.470001,86.760002,75.40683,418900
2014-12-16,86.769997,87.769997,86.129997,87.269997,75.850098,431000
2014-12-17,87.470001,88.559998,86.790001,88.41999799999999,76.84961700000001,437900
2014-12-18,89.120003,89.269997,88.5,88.860001,77.232033,368500
2014-12-19,88.760002,89.379997,88.25,88.449997,76.875679,981600
2014-12-22,88.849998,89.980003,88.639999,89.900002,78.13595600000001,365000
2014-12-23,90.190002,90.360001,89.33000200000001,89.459999,77.753517,311600
2014-12-24,89.480003,89.900002,89.110001,89.230003,77.553627,209300
2014-12-26,89.57,90.129997,89.559998,89.779999,78.031639,121600
2014-12-29,89.089996,90.129997,88.970001,89.779999,78.680161,270200
2014-12-30,89.459999,90.190002,89.379997,89.709999,78.618813,194900
2014-12-31,89.83000200000001,90.550003,88.650002,88.739998,77.768738,404700
2015-01-02,89.110001,89.879997,88.540001,89.790001,78.688927,277400
2015-01-05,89.309998,91.16999799999999,89.150002,90.870003,79.63539899999999,359800
2015-01-06,90.650002,91.559998,90.25,91.33000200000001,80.038521,1329200
2015-01-07,91.550003,92.57,90.690002,92.57,81.125206,543400
2015-01-08,92.57,93.849998,92.43,93.629997,82.054161,718800
2015-01-09,92.860001,94.029999,89.75,93.360001,81.81753499999999,407200
2015-01-12,93.769997,94.58000200000001,93.349998,93.970001,82.35215,287200
2015-01-13,93.75,95.040001,93.660004,94.279999,82.623802,459200
2015-01-14,93.900002,94.93,93.370003,94.839996,83.114586,243000
2015-01-15,95.389999,95.5,94.58000200000001,95.25,83.473892,326200
2015-01-16,95.290001,96.82,94.980003,96.699997,84.744606,298500
2015-01-20,96.68,97.300003,95.16999799999999,95.529999,83.719254,374500
2015-01-21,95.529999,95.970001,95.040001,95.959999,84.09610699999999,203400
2015-01-22,96.660004,98.16999799999999,96.050003,98.160004,86.024117,364500
2015-01-23,98.339996,99.040001,97.940002,98.400002,86.234451,326700
2015-01-26,98.349998,100.110001,98.089996,100.089996,87.715485,351200
2015-01-27,99.949997,100.410004,99.050003,99.290001,87.014404,285900
2015-01-28,99.739998,100.550003,98.66999799999999,98.949997,86.716431,349500
2015-01-29,99.220001,99.32,98.220001,99.32,87.04070300000001,224900
2015-01-30,99.18,99.209999,97.470001,97.519997,85.463234,408700
2015-02-02,97.559998,97.870003,95.279999,96.949997,84.963707,518400
2015-02-03,97.16999799999999,98.309998,95.540001,97.019997,85.025047,363900
2015-02-04,96.720001,97.129997,95.489998,96.190002,84.297684,351000
2015-02-05,96.470001,97.040001,96.339996,96.889999,84.911118,483200
2015-02-06,96.589996,96.589996,93.620003,94.269997,82.61502800000001,764500
2015-02-09,94.230003,94.980003,93.800003,94.349998,82.685135,641400
2015-02-10,94.410004,95.0,93.480003,94.769997,83.05323,405700
2015-02-11,94.889999,95.410004,94.25,94.83000200000001,83.105804,433700
2015-02-12,94.860001,96.370003,94.489998,96.190002,84.297684,269900
2015-02-13,96.07,96.07,94.5,94.900002,83.16716,275900
2015-02-17,94.889999,95.620003,94.269997,94.660004,82.956818,293700
2015-02-18,94.75,96.290001,94.0,96.279999,84.376541,365900
2015-02-19,96.099998,96.199997,94.410004,94.760002,83.04445600000001,319700
2015-02-20,94.849998,96.370003,94.75,96.089996,84.210022,350200
2015-02-23,96.230003,97.470001,96.190002,97.400002,85.358086,356900
2015-02-24,97.010002,97.389999,95.08000200000001,95.699997,83.868256,565500
2015-02-25,95.739998,97.339996,95.699997,96.139999,84.253853,542600
2015-02-26,95.660004,96.120003,94.5,95.040001,83.28984799999999,427900
2015-02-27,95.199997,96.230003,94.739998,95.910004,84.05229200000001,394100
2015-03-02,96.16999799999999,97.800003,96.120003,97.410004,85.366821,642900
2015-03-03,97.0,97.959999,95.889999,97.519997,85.463234,439900
2015-03-04,97.209999,97.970001,96.5,97.089996,85.086388,495900
2015-03-05,97.41999799999999,98.760002,97.050003,97.83000200000001,85.73490100000001,424900
2015-03-06,96.339996,96.339996,94.25,94.739998,83.02694699999999,669700
2015-03-09,95.019997,95.550003,94.389999,95.389999,83.59655,571100
2015-03-10,95.050003,95.639999,94.07,94.139999,82.501114,681600
2015-03-11,94.099998,95.150002,94.019997,94.940002,83.202202,580800
2015-03-12,95.83000200000001,97.470001,95.660004,97.459999,85.410652,404100
2015-03-13,97.470001,97.470001,96.040001,96.769997,84.805954,235700
2015-03-16,97.220001,98.360001,96.379997,97.43,85.384354,324000
2015-03-17,97.260002,98.019997,96.849998,97.690002,85.61222099999999,324900
2015-03-18,97.699997,99.650002,96.809998,99.400002,87.110802,395800
2015-03-19,98.989998,100.0,98.540001,99.480003,87.180908,503100
2015-03-20,99.900002,102.650002,99.279999,102.41999799999999,89.75743100000001,753000
2015-03-23,102.139999,102.959999,101.559998,101.93,89.32800300000001,391100
2015-03-24,102.059998,102.16999799999999,101.08000200000001,101.089996,88.591858,414000
2015-03-25,101.18,101.660004,99.019997,99.230003,86.96183,425800
2015-03-26,98.970001,99.519997,97.480003,97.57,85.507042,541100
2015-03-27,97.239998,97.690002,96.599998,97.400002,86.01039899999999,269200
2015-03-30,97.739998,99.099998,97.529999,98.889999,87.326164,375800
2015-03-31,98.83000200000001,99.400002,97.769997,98.040001,86.575562,326200
2015-04-01,98.08000200000001,98.389999,96.610001,96.779999,85.462891,588600
2015-04-02,96.610001,97.779999,96.540001,96.940002,85.604179,751400
2015-04-06,97.099998,97.790001,96.940002,97.639999,86.222321,772200
2015-04-07,97.599998,97.82,95.75,95.75,84.553345,377400
2015-04-08,95.940002,96.449997,95.849998,96.110001,84.871246,318500
2015-04-09,95.900002,95.93,94.050003,94.269997,83.246414,1015200
2015-04-10,95.08000200000001,95.839996,94.629997,95.010002,83.89988699999999,332400
2015-04-13,94.800003,95.43,94.41999799999999,94.41999799999999,83.378853,319800
2015-04-14,94.839996,95.5,93.550003,93.58000200000001,82.637077,536900
2015-04-15,93.910004,94.470001,93.040001,93.110001,82.222054,309200
2015-04-16,92.699997,93.519997,92.239998,93.160004,82.26621999999999,352700
2015-04-17,92.93,93.410004,91.760002,92.879997,82.018951,298700
2015-04-20,92.949997,93.849998,92.550003,93.010002,82.13374300000001,279100
2015-04-21,93.459999,94.239998,93.449997,93.779999,82.813705,344000
2015-04-22,93.690002,94.16999799999999,93.32,93.540001,82.601768,228500
2015-04-23,93.599998,94.279999,93.199997,94.010002,83.01679200000001,287400
2015-04-24,94.0,95.019997,93.629997,94.260002,83.237587,296900
2015-04-27,94.480003,94.889999,93.5,93.610001,82.66358199999999,306400
2015-04-28,93.400002,94.629997,92.949997,93.959999,82.972672,342300
2015-04-29,92.910004,93.33000200000001,91.839996,92.050003,81.28600300000001,377000
2015-04-30,92.5,92.559998,91.08000200000001,92.379997,81.577415,646400
2015-05-01,92.449997,93.650002,92.41999799999999,93.379997,82.46048,507500
2015-05-04,93.690002,94.199997,93.040001,93.290001,82.380997,407300
2015-05-05,93.019997,93.849998,90.510002,90.93,80.296974,416500
2015-05-06,90.940002,91.839996,89.610001,90.510002,79.92609399999999,471400
2015-05-07,90.510002,92.099998,90.099998,91.959999,81.206535,431100
2015-05-08,93.18,94.800003,93.059998,93.660004,82.707741,330800
2015-05-11,93.339996,93.650002,91.279999,91.5,80.80032299999999,248200
2015-05-12,91.120003,92.730003,90.32,92.639999,81.806999,322600
2015-05-13,92.650002,93.260002,91.220001,91.400002,80.712021,467200
2015-05-14,91.690002,93.339996,91.41999799999999,93.309998,82.398682,323000
2015-05-15,93.639999,94.459999,93.059998,94.309998,83.281723,201000
2015-05-18,93.620003,94.709999,93.389999,94.529999,83.47600600000001,271500
2015-05-19,94.290001,94.959999,93.779999,94.529999,83.47600600000001,196300
2015-05-20,94.58000200000001,95.269997,94.08000200000001,94.629997,83.564301,204900
2015-05-21,94.550003,95.120003,93.400002,93.739998,82.77838100000001,180000
2015-05-22,93.379997,94.33000200000001,92.970001,93.480003,82.54879,274800
2015-05-26,93.190002,93.370003,92.449997,93.33000200000001,82.416336,214700
2015-05-27,93.360001,94.699997,93.360001,94.480003,83.431862,225500
2015-05-28,94.480003,94.779999,93.800003,94.43,83.387703,369600
2015-05-29,94.43,94.599998,92.5,92.730003,81.88649000000001,617400
2015-06-01,92.940002,94.32,92.610001,93.599998,82.65475500000001,403600
2015-06-02,93.279999,93.410004,92.220001,92.91999799999999,82.05426800000001,290800
2015-06-03,92.68,92.68,91.43,91.480003,80.782661,259900
2015-06-04,91.370003,92.08000200000001,90.959999,91.629997,80.915123,319400
2015-06-05,90.400002,90.83000200000001,89.790001,89.980003,79.458069,522500
2015-06-08,90.07,90.91999799999999,89.059998,90.620003,80.023232,391600
2015-06-09,90.489998,90.809998,89.790001,89.900002,79.387421,214100
2015-06-10,89.93,91.309998,89.559998,90.290001,79.731804,300500
2015-06-11,90.860001,92.519997,90.5,91.900002,81.15355699999999,383500
2015-06-12,91.57,92.349998,90.019997,91.209999,80.54424300000001,216900
2015-06-15,91.160004,91.440002,90.610001,91.220001,80.553062,308800
2015-06-16,91.199997,92.220001,90.910004,91.83000200000001,81.091736,386700
2015-06-17,92.110001,92.800003,91.32,92.699997,81.860008,313600
2015-06-18,92.709999,94.059998,92.370003,93.300003,82.389832,397100
2015-06-19,93.019997,93.550003,92.389999,93.230003,82.328018,387200
2015-06-22,93.32,93.83000200000001,92.370003,92.5,81.683403,179200
2015-06-23,92.33000200000001,93.459999,91.370003,91.620003,80.906296,303000
2015-06-24,91.57,91.769997,90.16999799999999,90.190002,79.643509,260000
2015-06-25,90.0,90.559998,88.83000200000001,88.91999799999999,78.522018,414500
2015-06-26,89.089996,89.129997,88.199997,88.66999799999999,78.985229,404600
2015-06-29,88.25,89.529999,87.339996,87.339996,77.800499,410500
2015-06-30,87.839996,88.400002,86.839996,87.459999,77.907379,384200
2015-07-01,87.93,88.940002,86.779999,88.900002,79.190102,459400
2015-07-02,89.940002,90.459999,88.610001,88.860001,79.15448,271200
2015-07-06,88.809998,90.279999,88.730003,89.739998,79.938347,353700
2015-07-07,90.059998,91.66999799999999,89.910004,91.010002,81.069641,444100
2015-07-08,90.400002,91.239998,90.349998,90.980003,81.042923,357600
2015-07-09,91.160004,91.300003,90.08000200000001,90.08000200000001,80.241226,259800
2015-07-10,90.199997,91.269997,90.190002,90.650002,80.74895500000001,237400
2015-07-13,90.790001,92.459999,90.410004,90.860001,80.93605,251800
2015-07-14,91.029999,91.599998,90.25,91.279999,81.310135,180500
2015-07-15,90.989998,91.809998,90.610001,91.480003,81.488304,213800
2015-07-16,91.639999,92.599998,91.639999,92.410004,82.31675,255900
2015-07-17,92.58000200000001,92.82,91.739998,91.82,81.791168,344500
2015-07-20,91.75,92.480003,91.470001,92.029999,81.97823299999999,139900
2015-07-21,92.08000200000001,92.639999,91.68,92.160004,82.09404,405600
2015-07-22,92.08000200000001,93.32,92.08000200000001,93.120003,82.94918100000001,334200
2015-07-23,93.389999,93.389999,91.370003,91.870003,81.835716,257100
2015-07-24,91.75,93.010002,91.599998,92.510002,82.405807,315200
2015-07-27,92.809998,93.379997,92.33000200000001,92.639999,82.521599,276400
2015-07-28,91.510002,93.5,91.0,92.639999,82.521599,328700
2015-07-29,92.639999,93.769997,91.910004,93.589996,83.36784399999999,367700
2015-07-30,93.43,93.800003,92.230003,92.599998,82.485954,326000
2015-07-31,93.339996,93.970001,92.620003,92.709999,82.583954,357400
2015-08-03,92.870003,94.209999,92.870003,94.190002,83.902313,264200
2015-08-04,93.589996,94.43,93.129997,93.360001,83.162971,208400
2015-08-05,93.540001,94.129997,91.980003,92.550003,82.44144399999999,291300
2015-08-06,92.550003,92.809998,90.83000200000001,92.220001,82.147491,265100
2015-08-07,92.220001,92.699997,91.449997,92.610001,82.494881,221200
2015-08-10,92.879997,92.989998,91.730003,92.160004,82.09404,187300
2015-08-11,92.029999,93.540001,91.32,92.440002,82.343452,249700
2015-08-12,92.190002,92.33000200000001,91.040001,92.199997,82.129654,228000
2015-08-13,91.660004,92.809998,90.790001,92.269997,82.192032,231400
2015-08-14,91.949997,93.860001,91.529999,93.760002,83.519272,308400
2015-08-17,93.760002,94.800003,93.290001,94.790001,84.436775,380000
2015-08-18,94.449997,95.129997,94.059998,94.870003,84.508057,121600
2015-08-19,94.099998,95.050003,93.760002,94.559998,84.231895,155600
2015-08-20,94.339996,95.209999,93.339996,94.459999,84.142815,349500
2015-08-21,93.870003,94.110001,92.220001,92.230003,82.156387,379600
2015-08-24,89.910004,90.339996,88.120003,88.18,78.548744,650900
2015-08-25,89.970001,90.400002,85.57,85.870003,76.491058,606900
2015-08-26,87.440002,87.879997,85.83000200000001,87.550003,77.98755600000001,373500
2015-08-27,88.5,89.08000200000001,87.089996,88.279999,78.63781,454500
2015-08-28,88.379997,88.93,87.519997,88.440002,78.78035,273000
2015-08-31,88.400002,88.610001,85.860001,85.989998,76.597931,763600
2015-09-01,84.82,85.5,83.709999,84.239998,75.039063,396500
2015-09-02,84.849998,85.449997,84.33000200000001,85.339996,76.01892099999999,254900
2015-09-03,85.589996,86.400002,85.07,85.400002,76.07238000000001,156600
2015-09-04,84.620003,84.620003,82.910004,83.400002,74.290825,179400
2015-09-08,84.519997,85.059998,83.410004,84.449997,75.226128,402800
2015-09-09,85.309998,85.309998,83.93,84.220001,75.021263,364000
2015-09-10,84.050003,85.290001,83.83000200000001,84.379997,75.163803,356500
2015-09-11,84.33000200000001,86.260002,84.0,86.230003,76.811714,351300
2015-09-14,86.529999,86.66999799999999,85.720001,86.58000200000001,77.123489,225200
2015-09-15,86.66999799999999,87.739998,86.019997,87.660004,78.085548,247800
2015-09-16,87.529999,89.16999799999999,87.529999,88.790001,79.092102,263600
2015-09-17,88.879997,90.83000200000001,87.910004,89.550003,79.76911199999999,265100
2015-09-18,88.68,90.230003,88.480003,88.91999799999999,79.207916,501000
2015-09-21,88.860001,90.239998,88.860001,89.349998,79.590942,357000
2015-09-22,88.709999,89.300003,87.260002,87.309998,77.77375,401000
2015-09-23,87.760002,90.209999,87.709999,89.550003,79.76911199999999,853700
2015-09-24,89.440002,89.900002,88.139999,88.739998,79.047562,379600
2015-09-25,88.480003,89.779999,87.809998,87.910004,78.308235,414000
2015-09-28,87.059998,87.970001,84.690002,85.449997,76.789513,421200
2015-09-29,85.459999,86.040001,84.769997,85.620003,76.942284,653400
2015-09-30,86.059998,86.279999,84.230003,84.66999799999999,76.08856999999999,697300
2015-10-01,84.989998,85.199997,83.949997,84.489998,75.926811,652700
2015-10-02,84.199997,85.660004,83.91999799999999,85.660004,76.978241,455100
2015-10-05,86.290001,87.75,84.120003,87.660004,78.775536,292000
2015-10-06,87.480003,88.110001,87.07,87.629997,78.748573,298600
2015-10-07,87.589996,88.75,87.589996,88.379997,79.422554,471300
2015-10-08,89.589996,91.260002,89.25,90.730003,81.534378,931100
2015-10-09,90.889999,91.779999,89.400002,89.940002,80.824448,359100
2015-10-12,90.16999799999999,90.83000200000001,90.120003,90.400002,81.237831,440000
2015-10-13,91.25,92.32,90.33000200000001,92.25,82.900322,789500
2015-10-14,92.480003,92.879997,91.800003,91.949997,82.63073,987100
2015-10-15,91.940002,94.190002,91.870003,92.43,83.06208000000001,450800
2015-10-16,92.43,93.360001,92.059998,93.040001,83.610252,496600
2015-10-19,93.059998,94.480003,92.5,94.410004,84.8414,376400
2015-10-20,94.379997,96.860001,93.989998,94.360001,84.796471,260700
2015-10-21,94.970001,95.370003,93.510002,93.989998,84.463982,511400
2015-10-22,94.43,95.029999,90.639999,90.650002,81.46249399999999,1167500
2015-10-23,90.32,91.08000200000001,89.879997,90.400002,81.237831,961500
2015-10-26,90.660004,90.870003,88.959999,89.190002,80.150475,689000
2015-10-27,89.190002,89.779999,88.860001,89.529999,80.45599399999999,626000
2015-10-28,89.82,90.459999,88.239998,90.41999799999999,81.255791,521100
2015-10-29,90.41999799999999,92.050003,89.68,90.309998,81.156944,391700
2015-10-30,90.370003,90.910004,89.480003,89.739998,80.64471400000001,467300
2015-11-02,89.589996,91.489998,89.230003,91.410004,82.145454,377800
2015-11-03,90.440002,91.389999,88.699997,91.239998,81.99269100000001,590100
2015-11-04,91.120003,91.610001,90.529999,91.160004,81.920799,460200
2015-11-05,91.510002,93.010002,90.93,92.690002,83.295731,577500
2015-11-06,91.589996,91.779999,88.699997,89.389999,80.33019300000001,607500
2015-11-09,88.440002,88.440002,87.08000200000001,87.599998,78.721611,398100
2015-11-10,87.5,88.879997,87.25,88.809998,79.80896800000001,268700
2015-11-11,89.16999799999999,89.639999,88.620003,89.110001,80.07856,239700
2015-11-12,88.91999799999999,89.839996,88.360001,88.75,79.755051,377600
2015-11-13,88.93,89.010002,87.309998,87.489998,78.622749,348800
2015-11-16,87.459999,88.66999799999999,87.309998,88.66999799999999,79.683167,180200
2015-11-17,88.190002,89.239998,88.190002,88.440002,79.476479,158600
2015-11-18,88.68,89.360001,88.0,89.309998,80.258301,301500
2015-11-19,89.529999,90.559998,88.980003,90.410004,81.246811,295300
2015-11-20,90.709999,91.400002,90.279999,91.099998,81.866875,305200
2015-11-23,90.93,92.120003,90.870003,91.489998,82.217354,170600
2015-11-24,90.720001,92.099998,90.610001,91.440002,82.17242399999999,369700
2015-11-25,91.660004,91.839996,91.120003,91.510002,82.23532900000001,253100
2015-11-27,91.620003,92.58000200000001,91.32,92.470001,83.098015,272700
2015-11-30,92.68,92.809998,91.629997,92.089996,82.756538,608400
2015-12-01,92.089996,93.139999,91.639999,93.050003,83.619247,280000
2015-12-02,92.739998,93.0,90.82,91.019997,81.794983,377800
2015-12-03,90.83000200000001,91.57,89.050003,89.339996,80.285248,343100
2015-12-04,89.57,91.129997,89.57,90.790001,81.588295,472400
2015-12-07,90.66999799999999,90.870003,89.639999,90.029999,80.905327,310500
2015-12-08,90.0,90.739998,89.550003,90.43,81.264778,483800
2015-12-09,89.980003,90.75,88.849998,89.230003,80.186417,296400
2015-12-10,89.269997,89.660004,88.480003,88.709999,79.719109,417000
2015-12-11,88.360001,89.08000200000001,88.08000200000001,88.75,79.755051,431600
2015-12-14,88.540001,88.989998,87.66999799999999,88.730003,79.737083,492200
2015-12-15,89.230003,90.260002,88.800003,89.650002,80.563843,460600
2015-12-16,90.010002,91.209999,89.82,90.959999,81.741058,346100
2015-12-17,91.139999,92.019997,90.639999,90.860001,81.65121500000001,553200
2015-12-18,90.970001,91.08000200000001,89.5,90.5,81.327675,607500
2015-12-21,91.190002,91.25,90.459999,91.239998,81.99269100000001,758000
2015-12-22,91.470001,91.739998,90.839996,90.949997,81.732079,363400
2015-12-23,91.25,91.480003,90.650002,91.18,81.93878199999999,213900
2015-12-24,91.25,91.449997,90.290001,90.980003,81.75904799999999,94700
2015-12-28,90.83000200000001,91.82,90.480003,91.760002,82.459976,211000
2015-12-29,91.410004,92.75,91.199997,92.0,83.37529,365300
2015-12-30,91.910004,92.33000200000001,91.190002,91.389999,82.822479,171700
2015-12-31,91.449997,91.75,90.33000200000001,90.360001,81.889038,386100
2016-01-04,89.66999799999999,89.709999,88.459999,89.110001,80.756218,522800
2016-01-05,89.110001,90.730003,89.110001,90.339996,81.87091099999999,213600
2016-01-06,89.709999,90.529999,89.290001,89.730003,81.318123,195700
2016-01-07,88.089996,88.82,86.760002,86.760002,78.62653399999999,354700
2016-01-08,87.129997,87.629997,85.510002,85.57,77.548088,354100
2016-01-11,85.550003,86.139999,84.43,84.5,76.578407,750900
2016-01-12,84.989998,85.0,83.050003,83.540001,75.708405,595100
2016-01-13,83.709999,84.08000200000001,81.160004,81.279999,73.660271,481800
2016-01-14,81.449997,81.870003,80.230003,81.010002,73.415573,657200
2016-01-15,79.91999799999999,80.629997,79.349998,80.160004,72.645264,729600
2016-01-19,88.91999799999999,88.91999799999999,80.0,80.370003,72.835587,732700
2016-01-20,79.410004,79.489998,74.959999,76.449997,69.283051,892300
2016-01-21,76.940002,77.639999,76.300003,76.41999799999999,69.255875,753200
2016-01-22,77.309998,78.510002,77.150002,78.300003,70.959625,451100
2016-01-25,78.260002,79.400002,77.349998,77.470001,70.207436,416900
2016-01-26,77.720001,79.019997,77.720001,78.66999799999999,71.294945,603900
2016-01-27,78.309998,78.779999,77.489998,77.82,70.524628,386900
2016-01-28,78.239998,79.019997,77.120003,77.660004,70.379639,695100
2016-01-29,78.550003,79.610001,77.660004,79.18,71.757133,858000
2016-02-01,78.269997,79.589996,78.059998,78.150002,70.82369200000001,714100
2016-02-02,78.900002,79.870003,76.209999,76.260002,69.110878,594000
2016-02-03,76.58000200000001,76.889999,75.220001,76.199997,69.05648000000001,475400
2016-02-04,76.059998,78.089996,75.889999,76.910004,69.699951,442700
2016-02-05,76.57,77.220001,76.190002,76.550003,69.373695,594900
2016-02-08,76.160004,76.230003,73.709999,74.610001,67.615562,391600
2016-02-09,73.860001,74.16999799999999,72.07,72.099998,65.340866,472600
2016-02-10,72.480003,73.339996,71.93,72.849998,66.020554,451200
2016-02-11,72.25,72.510002,71.33000200000001,71.650002,64.933052,711600
2016-02-12,72.68,72.849998,70.690002,71.849998,65.114288,438600
2016-02-16,72.33000200000001,74.389999,71.959999,74.0,67.062744,537400
2016-02-17,74.099998,75.529999,74.010002,74.339996,67.37086500000001,333200
2016-02-18,74.440002,75.68,73.639999,74.760002,67.751488,571700
2016-02-19,74.32,75.639999,74.08000200000001,74.970001,67.941811,267700
2016-02-22,75.730003,76.529999,75.650002,76.300003,69.147141,274100
2016-02-23,75.91999799999999,77.010002,74.519997,76.300003,69.147141,364800
2016-02-24,75.720001,76.489998,75.239998,76.300003,69.147141,221800
2016-02-25,76.699997,78.660004,76.699997,78.5,71.140884,472000
2016-02-26,78.339996,79.33000200000001,77.849998,78.739998,71.358391,433200
2016-02-29,78.75,79.349998,78.279999,79.160004,71.739014,617100
2016-03-01,79.639999,81.32,79.199997,81.290001,73.669327,422600
2016-03-02,80.959999,81.300003,80.279999,81.139999,73.533394,365200
2016-03-03,81.050003,82.739998,80.66999799999999,82.730003,74.974335,329700
2016-03-04,82.5,83.690002,82.040001,83.66999799999999,75.82621,360100
2016-03-07,83.559998,83.650002,81.029999,83.370003,75.554344,309200
2016-03-08,83.400002,83.739998,82.410004,83.08000200000001,75.291534,450900
2016-03-09,83.220001,84.0,82.690002,83.650002,75.808098,273700
2016-03-10,84.269997,84.540001,83.099998,83.959999,76.08901999999999,328100
2016-03-11,84.610001,85.510002,83.910004,85.400002,77.394035,513400
2016-03-14,85.32,85.800003,83.910004,85.760002,77.720291,263200
2016-03-15,85.089996,87.349998,85.089996,86.980003,78.825928,457500
2016-03-16,86.540001,87.629997,85.83000200000001,87.57,79.360596,251300
2016-03-17,87.75,89.510002,87.440002,89.339996,80.96466099999999,312000
2016-03-18,88.760002,90.040001,88.209999,88.32,80.040291,983200
2016-03-21,88.0,88.709999,87.099998,88.0,79.750282,623500
2016-03-22,87.440002,88.58000200000001,87.25,88.58000200000001,80.275909,560500
2016-03-23,88.209999,88.709999,87.610001,88.5,80.203423,856300
2016-03-24,88.110001,88.519997,87.449997,88.519997,80.221542,463100
2016-03-28,88.68,90.160004,88.220001,90.07,81.626221,551400
2016-03-29,89.300003,90.93,88.790001,90.879997,83.098381,515700
2016-03-30,91.120003,91.25,90.019997,90.349998,82.613754,259700
2016-03-31,90.309998,91.139999,90.120003,90.889999,83.10752099999999,351900
2016-04-01,90.43,90.83000200000001,89.699997,90.559998,82.805771,353900
2016-04-04,90.790001,91.120003,90.230003,91.019997,83.226387,291400
2016-04-05,90.510002,91.089996,90.300003,91.0,83.208099,380400
2016-04-06,90.800003,90.889999,89.639999,90.339996,82.604607,316000
2016-04-07,90.029999,90.550003,89.43,89.790001,82.10170699999999,382700
2016-04-08,90.32,91.800003,90.239998,90.970001,83.180687,306600
2016-04-11,91.120003,91.75,90.779999,90.790001,83.016083,200500
2016-04-12,91.129997,92.879997,91.050003,92.529999,84.60709399999999,479300
2016-04-13,92.760002,92.760002,91.440002,92.050003,84.168198,439900
2016-04-14,92.129997,92.589996,91.18,92.410004,84.497383,299900
2016-04-15,92.480003,94.010002,92.33000200000001,93.860001,85.823227,452500
2016-04-18,93.849998,94.199997,93.379997,93.790001,85.759201,234700
2016-04-19,93.91999799999999,94.489998,93.32,93.809998,85.777489,229900
2016-04-20,93.769997,93.769997,91.839996,92.010002,84.13163,413100
2016-04-21,92.110001,93.33000200000001,90.339996,91.089996,83.29039,525100
2016-04-22,91.349998,93.230003,90.83000200000001,92.699997,84.76254300000001,656000
2016-04-25,92.410004,93.410004,91.949997,93.209999,85.22886700000001,485000
2016-04-26,93.400002,94.18,93.010002,93.480003,85.475761,342400
2016-04-27,93.629997,94.099998,92.480003,93.730003,85.704338,324800
2016-04-28,93.150002,94.099998,92.849998,93.839996,85.804932,294100
2016-04-29,93.279999,93.83000200000001,92.370003,92.949997,84.991135,1174100
2016-05-02,92.730003,94.980003,92.410004,94.160004,86.097527,973200
2016-05-03,93.050003,93.910004,92.470001,93.690002,85.66776999999999,574600
2016-05-04,92.650002,95.519997,92.650002,95.400002,87.231346,621900
2016-05-05,95.190002,95.660004,94.610001,95.610001,87.423355,513500
2016-05-06,95.400002,95.720001,93.739998,95.650002,87.459938,471800
2016-05-09,95.989998,96.730003,95.360001,96.459999,88.200592,560800
2016-05-10,96.550003,96.690002,95.57,96.029999,87.807404,662100
2016-05-11,96.0,96.0,93.57,93.980003,85.93293800000001,595800
2016-05-12,94.129997,94.410004,93.279999,93.720001,85.695206,476900
2016-05-13,93.699997,95.33000200000001,93.300003,94.849998,86.728447,942700
2016-05-16,94.779999,96.879997,94.709999,96.309998,88.063438,619200
2016-05-17,95.879997,96.510002,93.980003,94.839996,86.71929899999999,580700
2016-05-18,94.760002,95.779999,93.290001,94.290001,86.2164,1985200
2016-05-19,93.400002,93.779999,92.470001,93.529999,85.521454,379800
2016-05-20,93.940002,95.68,93.389999,95.629997,87.441643,617500
2016-05-23,95.93,96.050003,95.099998,95.720001,87.52394100000001,554200
2016-05-24,96.41999799999999,98.379997,95.41999799999999,98.0,89.608727,2218600
2016-05-25,98.040001,98.389999,97.239998,98.260002,89.846466,501100
2016-05-26,98.260002,98.260002,96.459999,96.470001,88.20973199999999,842400
2016-05-27,96.540001,97.400002,96.41999799999999,96.58000200000001,88.310303,763900
2016-05-31,96.559998,97.16999799999999,94.980003,96.900002,88.602928,3620700
2016-06-01,96.32,96.910004,95.279999,96.470001,88.20973199999999,501300
2016-06-02,96.480003,97.33000200000001,95.870003,97.290001,88.959518,444900
2016-06-03,97.459999,98.959999,97.290001,97.660004,89.297836,489100
2016-06-06,97.91999799999999,98.440002,96.040001,96.510002,88.246315,531900
2016-06-07,96.900002,97.400002,96.370003,96.540001,88.273735,461800
2016-06-08,96.470001,97.349998,96.129997,97.089996,88.776634,429900
2016-06-09,97.0,98.290001,96.510002,98.160004,89.75503499999999,573500
2016-06-10,97.620003,99.150002,97.040001,98.599998,90.157333,672200
2016-06-13,98.769997,99.660004,98.220001,98.519997,90.08419,551200
2016-06-14,98.349998,98.739998,97.800003,97.889999,89.50814100000001,377200
2016-06-15,98.040001,98.970001,97.43,98.459999,90.02934300000001,418100
2016-06-16,98.120003,98.769997,97.459999,98.610001,90.166504,343600
2016-06-17,98.300003,99.010002,97.68,98.110001,89.70929699999999,687800
2016-06-20,98.900002,99.519997,97.790001,97.91999799999999,89.53556800000001,358600
2016-06-21,97.949997,98.739998,97.610001,97.91999799999999,89.53556800000001,509900
2016-06-22,98.16999799999999,98.610001,97.529999,98.459999,90.02934300000001,318200
2016-06-23,98.940002,99.519997,98.739998,99.239998,90.742538,385000
2016-06-24,97.43,100.029999,96.629997,99.360001,90.85228000000001,649100
2016-06-27,98.91999799999999,99.349998,97.599998,99.129997,90.641968,516600
2016-06-28,98.739998,99.879997,98.309998,99.860001,92.05233,373500
2016-06-29,100.32,101.839996,100.32,101.790001,93.831451,369100
2016-06-30,101.730003,103.599998,101.32,103.519997,95.42617,497400
2016-07-01,103.82,104.75,103.610001,104.239998,96.089867,430300
2016-07-05,104.18,105.029999,103.68,105.029999,96.818123,315200
2016-07-06,104.57,105.400002,104.300003,105.33000200000001,97.094658,364900
2016-07-07,101.300003,102.0,100.529999,101.269997,93.352097,3587800
2016-07-08,101.82,103.129997,101.529999,102.790001,94.75325,934800
2016-07-11,103.129997,103.889999,102.18,103.730003,95.619766,466800
2016-07-12,103.800003,103.910004,102.599998,103.089996,95.0298,740000
2016-07-13,103.559998,104.440002,101.470001,104.41999799999999,96.255814,680500
2016-07-14,103.83000200000001,104.800003,103.32,103.760002,95.647423,389600
2016-07-15,103.370003,103.870003,101.309998,103.66999799999999,95.564461,387000
2016-07-18,103.75,104.650002,103.089996,104.529999,96.357208,511100
2016-07-19,104.529999,105.110001,102.639999,104.91999799999999,96.716728,448700
2016-07-20,105.25,106.389999,104.769997,106.309998,97.998039,604600
2016-07-21,105.559998,107.300003,105.559998,107.190002,98.809242,522300
2016-07-22,106.91999799999999,109.019997,106.75,108.809998,100.302582,723400
2016-07-25,108.989998,109.43,108.480003,109.290001,100.74503299999999,692300
2016-07-26,109.589996,109.989998,109.050003,109.260002,100.7174,762400
2016-07-27,108.91999799999999,110.0,108.360001,108.800003,100.293373,902700
2016-07-28,108.690002,111.389999,108.690002,111.029999,102.349007,532900
2016-07-29,111.160004,112.970001,110.970001,112.300003,103.51971400000001,844700
2016-08-01,112.349998,113.059998,111.769997,112.550003,103.75016,611200
2016-08-02,112.099998,112.91999799999999,107.540001,109.480003,100.920197,781800
2016-08-03,109.510002,111.18,108.730003,110.769997,102.109329,516800
2016-08-04,111.239998,112.440002,110.639999,112.379997,103.593452,493100
2016-08-05,112.5,112.559998,110.690002,111.410004,102.699303,534000
2016-08-08,111.300003,112.989998,111.0,112.139999,103.37222299999999,555700
2016-08-09,111.970001,112.790001,111.199997,112.709999,103.897644,438000
2016-08-10,112.800003,113.279999,110.470001,111.120003,102.431984,749400
2016-08-11,111.650002,111.650002,109.980003,110.720001,102.06324000000001,534000
2016-08-12,110.800003,112.550003,110.739998,112.449997,103.65798199999999,1353700
2016-08-15,112.68,113.199997,110.339996,110.75,102.090889,637100
2016-08-16,110.519997,111.160004,109.440002,109.839996,101.252052,572900
2016-08-17,109.980003,110.18,109.150002,109.540001,100.975502,480700
2016-08-18,109.620003,110.300003,109.529999,110.199997,101.583893,393200
2016-08-19,110.019997,110.019997,108.870003,109.279999,100.73584,253200
2016-08-22,109.279999,110.129997,108.83000200000001,109.900002,101.307358,386900
2016-08-23,109.989998,110.5,109.470001,109.68,101.104561,461500
2016-08-24,109.769997,109.879997,108.82,109.010002,100.486938,334700
2016-08-25,109.260002,110.139999,108.989998,109.239998,100.698959,296500
2016-08-26,109.5,110.18,107.91999799999999,108.269997,99.80481,349700
2016-08-29,108.93,110.050003,108.93,109.739998,101.15986600000001,209200
2016-08-30,109.970001,110.339996,108.699997,110.290001,101.666878,247300
2016-08-31,110.190002,110.400002,109.82,110.089996,101.48249799999999,746000
2016-09-01,110.230003,110.400002,109.239998,109.989998,101.39031999999999,368300
2016-09-02,110.540001,112.349998,110.540001,111.849998,103.104912,646400
2016-09-06,112.050003,112.480003,111.489998,112.410004,103.621101,432100
2016-09-07,112.440002,114.519997,112.389999,114.519997,105.566124,366500
2016-09-08,114.150002,114.620003,113.529999,113.589996,104.70884699999999,473000
2016-09-09,112.25,112.83000200000001,105.940002,106.309998,97.998039,867800
2016-09-12,106.08000200000001,109.25,105.550003,108.82,100.311798,503700
2016-09-13,108.41999799999999,108.41999799999999,103.790001,104.43,96.265038,537700
2016-09-14,104.699997,105.639999,104.220001,105.18,96.956398,294300
2016-09-15,105.089996,105.879997,104.589996,105.66999799999999,97.40808100000001,286400
2016-09-16,104.959999,106.519997,104.629997,106.25,97.942741,836400
2016-09-19,106.66999799999999,108.08000200000001,106.220001,108.0,99.555908,348800
2016-09-20,108.699997,108.699997,107.68,108.059998,99.611214,337400
2016-09-21,108.379997,110.550003,107.529999,110.360001,101.73138399999999,427000
2016-09-22,111.360001,113.16999799999999,111.360001,113.029999,104.192642,417700
2016-09-23,112.33000200000001,113.739998,111.690002,113.389999,104.524498,316100
2016-09-26,112.910004,114.220001,112.470001,113.809998,104.911644,276000
2016-09-27,114.379997,114.66999799999999,112.370003,112.540001,103.74095200000001,254900
2016-09-28,111.910004,113.019997,111.349998,112.800003,104.72506,351200
2016-09-29,112.150002,112.150002,109.440002,109.790001,101.930542,451900
2016-09-30,110.300003,110.610001,108.610001,108.769997,100.983551,676000
2016-10-03,108.309998,108.510002,106.190002,106.309998,98.69965400000001,414000
2016-10-04,106.019997,106.57,104.720001,105.529999,97.975494,325000
2016-10-05,106.040001,106.629997,103.370003,103.440002,96.035126,303100
2016-10-06,102.779999,104.349998,101.800003,104.029999,96.58287,338400
2016-10-07,104.620003,105.629997,103.389999,103.879997,96.443619,633800
2016-10-10,104.07,105.150002,103.940002,104.199997,96.740707,290300
2016-10-11,104.029999,105.379997,101.510002,101.91999799999999,94.623932,692200
2016-10-12,102.0,103.610001,102.0,103.25,95.858711,897800
2016-10-13,103.129997,104.339996,102.459999,103.900002,96.462189,850400
2016-10-14,103.739998,105.410004,103.230003,103.870003,96.43433399999999,525600
2016-10-17,103.860001,104.699997,103.720001,104.160004,96.703575,648000
2016-10-18,104.809998,105.550003,104.16999799999999,105.050003,97.52986899999999,924400
2016-10-19,104.809998,105.309998,104.449997,105.279999,97.743385,1064600
2016-10-20,105.150002,106.730003,105.010002,106.32,98.708931,365100
2016-10-21,105.529999,106.82,105.190002,106.75,99.10817,375300
2016-10-24,108.08000200000001,108.08000200000001,106.0,106.720001,99.08030699999999,252600
2016-10-25,106.279999,107.629997,105.58000200000001,107.339996,99.655914,427200
2016-10-26,106.82,106.82,105.220001,106.160004,98.56039399999999,451700
2016-10-27,106.019997,106.019997,104.029999,105.120003,97.59485600000001,555700
2016-10-28,105.25,106.010002,104.459999,104.910004,97.399879,295400
2016-10-31,105.68,108.040001,104.870003,107.809998,100.09227800000001,555600
2016-11-01,107.440002,109.449997,105.519997,107.349998,99.665207,798800
2016-11-02,107.220001,107.629997,104.449997,104.550003,97.065659,646100
2016-11-03,105.019997,105.089996,102.41999799999999,102.5,95.16239200000001,861300
2016-11-04,102.550003,103.309998,101.730003,103.0,95.626602,612400
2016-11-07,104.529999,106.230003,104.07,106.029999,98.439713,342600
2016-11-08,106.150002,107.440002,104.5,107.08000200000001,99.41454300000001,344700
2016-11-09,104.699997,109.43,103.660004,109.059998,101.252792,787600
2016-11-10,109.099998,110.209999,105.800003,105.93,98.34687,1131600
2016-11-11,105.910004,107.550003,104.290001,104.459999,96.98209399999999,744100
2016-11-14,104.360001,106.309998,103.32,106.239998,98.63466600000001,1061700
2016-11-15,106.800003,108.239998,105.230003,106.599998,98.96889499999999,497900
2016-11-16,106.459999,107.040001,104.870003,106.900002,99.24740600000001,368900
2016-11-17,106.82,108.050003,106.489998,107.309998,99.628067,318500
2016-11-18,107.510002,107.910004,106.989998,107.400002,99.711632,291300
2016-11-21,107.889999,108.889999,107.889999,108.550003,100.77930500000001,443500
2016-11-22,109.040001,111.529999,109.040001,111.07,103.118904,623700
2016-11-23,109.650002,110.739998,109.269997,110.620003,102.701126,473600
2016-11-25,110.860001,112.360001,110.860001,111.959999,103.94519,215500
2016-11-28,112.050003,113.059998,111.360001,112.120003,104.09375,438300
2016-11-29,112.260002,114.019997,111.559998,111.720001,103.722374,697600
2016-11-30,110.82,111.32,108.980003,109.589996,101.744858,1322700
2016-12-01,109.07,109.540001,106.099998,107.160004,99.488815,676500
2016-12-02,107.989998,110.019997,107.889999,108.940002,101.141396,514400
2016-12-05,109.75,110.68,109.349998,110.07,102.190483,639300
2016-12-06,110.5,111.610001,109.849998,111.0,103.05393199999999,802600
2016-12-07,111.040001,111.58000200000001,110.230003,111.0,103.05393199999999,744200
2016-12-08,110.279999,110.93,109.449997,110.620003,102.701126,633600
2016-12-09,110.620003,111.110001,109.199997,109.91999799999999,102.051231,518000
2016-12-12,109.379997,110.010002,108.440002,109.730003,101.87484,602300
2016-12-13,110.160004,110.389999,107.769997,108.989998,101.18780500000001,647800
2016-12-14,109.010002,109.309998,106.720001,106.870003,99.219566,611400
2016-12-15,106.91999799999999,108.400002,105.739998,106.0,98.411858,1392700
2016-12-16,106.660004,108.879997,106.339996,107.970001,100.240829,1084400
2016-12-19,108.720001,110.0,107.389999,109.650002,101.800552,782700
2016-12-20,109.639999,111.019997,109.349998,111.010002,103.063202,395900
2016-12-21,111.199997,111.82,109.010002,109.029999,101.22494499999999,509100
2016-12-22,108.949997,108.949997,106.870003,108.519997,100.75145,392600
2016-12-23,108.540001,109.489998,108.339996,109.300003,101.475616,156800
2016-12-27,109.440002,110.849998,109.18,109.629997,101.78199000000001,258300
2016-12-28,108.75,109.300003,108.0,108.540001,101.53875699999999,322300
2016-12-29,108.709999,110.629997,108.709999,110.449997,103.325562,578100
2016-12-30,110.660004,112.25,110.239998,111.129997,103.961708,553100
2017-01-03,111.849998,112.190002,109.91999799999999,110.58000200000001,103.447182,424700
2017-01-04,110.82,113.620003,110.82,113.379997,106.06655900000001,515300
2017-01-05,112.599998,113.489998,110.970001,112.970001,105.68301399999999,394900
2017-01-06,112.629997,113.209999,112.139999,112.209999,104.97203799999998,472300
2017-01-09,112.660004,112.879997,110.900002,111.050003,103.886864,438600
2017-01-10,110.879997,111.41999799999999,110.029999,110.849998,103.69976,345500
2017-01-11,111.269997,111.68,109.510002,109.610001,102.539749,489300
2017-01-12,109.730003,111.309998,107.709999,109.309998,102.25909399999999,380100
2017-01-13,109.18,109.769997,108.809998,109.550003,102.48362,234100
2017-01-17,109.510002,110.699997,109.0,110.519997,103.391052,362700
2017-01-18,110.5,111.589996,109.720001,111.019997,103.85878000000001,230500
2017-01-19,110.900002,111.110001,108.83000200000001,109.910004,102.82040400000001,348800
2017-01-20,109.980003,111.639999,109.900002,111.150002,103.980408,442700
2017-01-23,110.949997,114.18,110.949997,113.43,106.11334199999999,496200
2017-01-24,113.519997,114.629997,113.519997,114.120003,106.758835,515700
2017-01-25,114.230003,114.33000200000001,113.07,113.400002,106.08528100000001,266000
2017-01-26,113.510002,114.529999,112.970001,113.300003,105.991722,293100
2017-01-27,113.559998,113.980003,111.980003,112.790001,105.514626,432700
2017-01-30,112.230003,112.550003,110.790001,112.160004,104.92527,417800
2017-01-31,111.709999,112.949997,110.129997,110.82,103.6717,704100
2017-02-01,110.650002,111.480003,108.190002,108.279999,101.295532,603200
2017-02-02,108.720001,109.139999,108.129997,109.059998,102.025223,701700
2017-02-03,110.0,110.900002,109.129997,110.639999,103.503311,792900
2017-02-06,110.889999,112.800003,110.699997,112.690002,105.421074,1040800
2017-02-07,112.68,114.010002,112.68,113.239998,105.935593,591300
2017-02-08,113.279999,115.07,112.57,114.540001,107.151749,666200
2017-02-09,114.790001,115.459999,114.25,114.980003,107.56336200000001,623000
2017-02-10,114.91999799999999,115.150002,114.220001,114.370003,106.99270600000001,2640900
2017-02-13,114.959999,114.959999,113.739998,114.260002,106.889816,627300
2017-02-14,113.900002,115.089996,113.0,114.980003,107.56336200000001,864400
2017-02-15,114.739998,115.269997,113.41999799999999,115.230003,107.797226,507600
2017-02-16,115.400002,116.379997,115.25,115.82,108.349174,487300
2017-02-17,115.41999799999999,116.379997,115.050003,116.379997,108.87305500000001,352100
2017-02-21,116.33000200000001,118.550003,115.900002,118.470001,110.82824699999999,486100
2017-02-22,118.620003,119.639999,117.349998,118.489998,110.84693899999999,541900
2017-02-23,118.91999799999999,119.480003,118.040001,118.870003,111.20243799999999,681900
2017-02-24,118.870003,120.510002,118.5,120.199997,112.44663999999999,586800
2017-02-27,120.309998,120.959999,119.769997,120.470001,112.699226,601000
2017-02-28,120.480003,120.510002,118.989998,119.309998,111.614052,999100
2017-03-01,119.480003,119.480003,117.870003,118.18,110.55695300000001,837500
2017-03-02,117.989998,118.370003,116.010002,117.010002,109.462418,565400
2017-03-03,116.309998,117.709999,115.160004,117.589996,110.004997,422900
2017-03-06,117.029999,117.900002,116.470001,117.510002,109.930168,392000
2017-03-07,117.379997,117.43,116.559998,117.160004,109.602745,342600
2017-03-08,116.660004,116.949997,115.639999,115.690002,108.227562,515600
2017-03-09,115.68,116.269997,112.93,113.699997,106.36592900000001,588000
2017-03-10,107.870003,109.360001,107.75,108.809998,101.791359,5443700
2017-03-13,109.260002,109.989998,108.690002,109.089996,102.05328399999999,2097800
2017-03-14,109.0,109.040001,106.889999,108.18,101.201988,1120300
2017-03-15,108.41999799999999,111.07,108.129997,110.410004,103.288155,1588800
2017-03-16,110.190002,110.790001,109.25,109.870003,102.78298199999999,1129200
2017-03-17,110.0,111.239998,109.860001,110.269997,103.157166,16444300
2017-03-20,110.449997,110.849998,109.43,109.970001,102.876526,1504600
2017-03-21,111.110001,111.349998,110.0,110.699997,103.559425,1521000
2017-03-22,111.18,111.620003,109.529999,111.379997,104.195572,822700
2017-03-23,111.199997,112.910004,110.989998,112.089996,104.85976399999998,568600
2017-03-24,112.120003,112.620003,111.110001,111.360001,104.176849,628400
2017-03-27,110.639999,111.510002,108.980003,110.410004,103.288155,991400
2017-03-28,110.550003,110.949997,109.309998,110.66999799999999,103.53137199999999,637100
2017-03-29,109.599998,110.139999,109.050003,109.82,103.51252,512500
2017-03-30,109.660004,110.300003,109.160004,109.82,103.51252,377500
2017-03-31,109.839996,110.68,109.769997,110.519997,104.172318,711600
2017-04-03,110.150002,110.889999,109.849998,110.75,104.389099,560400
2017-04-04,110.699997,111.739998,110.699997,111.239998,104.850952,741500
2017-04-05,111.269997,111.940002,110.589996,110.959999,104.587036,768300
2017-04-06,111.16999799999999,112.540001,110.620003,112.18,105.736977,848500
2017-04-07,112.33000200000001,112.699997,111.629997,111.66999799999999,105.25626399999999,949400
2017-04-10,111.75,113.040001,111.639999,112.769997,106.29308300000001,782300
2017-04-11,112.83000200000001,113.870003,112.230003,113.629997,107.103683,615000
2017-04-12,113.540001,114.129997,113.290001,113.629997,107.103683,463900
2017-04-13,113.620003,114.379997,113.050003,113.540001,107.01886,769500
2017-04-17,113.620003,115.08000200000001,113.620003,115.07,108.46098300000001,695100
2017-04-18,114.959999,115.470001,114.660004,115.339996,108.715477,505500
2017-04-19,115.269997,116.019997,115.089996,115.660004,109.017105,579800
2017-04-20,115.660004,116.019997,114.769997,115.940002,109.28101299999999,798900
2017-04-21,115.93,116.139999,115.0,115.43,108.800308,788500
2017-04-24,116.440002,116.639999,112.5,113.199997,106.69838700000001,717400
2017-04-25,113.349998,114.5,113.239998,114.33000200000001,107.76348899999999,542800
2017-04-26,114.010002,114.519997,113.199997,113.589996,107.065979,694500
2017-04-27,113.589996,114.309998,112.550003,112.959999,106.472176,321500
2017-04-28,112.66999799999999,112.66999799999999,111.589996,112.510002,106.048027,463100
2017-05-01,112.790001,113.019997,111.91999799999999,112.82,106.340202,430200
2017-05-02,114.269997,115.709999,112.019997,114.559998,107.980286,882300
2017-05-03,114.75,114.75,112.459999,113.32,106.811501,715400
2017-05-04,112.629997,114.459999,112.339996,114.279999,107.71635400000001,645800
2017-05-05,114.66999799999999,115.519997,114.190002,114.83000200000001,108.234779,434000
2017-05-08,114.91999799999999,115.529999,114.370003,114.720001,108.13108799999999,708500
2017-05-09,114.599998,115.07,113.120003,113.519997,107.00000800000001,568900
2017-05-10,113.160004,115.279999,113.120003,114.529999,107.951996,479300
2017-05-11,113.860001,115.360001,113.010002,115.07,108.46098300000001,430500
2017-05-12,114.910004,116.449997,114.610001,115.849998,109.19618200000001,606400
2017-05-15,115.860001,117.059998,115.599998,115.849998,109.19618200000001,660500
2017-05-16,116.199997,116.220001,114.970001,115.839996,109.18676799999999,1004300
2017-05-17,115.690002,117.739998,115.690002,116.529999,109.837128,833100
2017-05-18,116.410004,117.5,115.08000200000001,117.089996,110.364967,744800
2017-05-19,116.940002,118.190002,116.68,117.66999799999999,110.911644,479900
2017-05-22,118.029999,118.660004,117.589996,117.900002,111.12844799999999,373300
2017-05-23,118.099998,119.370003,117.980003,118.610001,111.79766799999999,508000
2017-05-24,118.559998,119.099998,118.25,118.279999,111.486626,508400
2017-05-25,119.019997,119.019997,117.300003,117.360001,110.61945300000001,459900
2017-05-26,117.449997,117.699997,116.980003,117.269997,110.53463,303000
2017-05-30,117.33000200000001,117.629997,116.75,117.0,110.28013600000001,356300
2017-05-31,117.339996,117.559998,115.760002,116.68,109.97851599999998,1458700
2017-06-01,116.510002,118.129997,116.510002,117.940002,111.166145,645900
2017-06-02,118.769997,120.349998,118.510002,120.040001,113.14553799999999,796800
2017-06-05,120.25,120.559998,119.650002,120.339996,113.42831399999999,560300
2017-06-06,120.459999,120.720001,118.360001,118.57,111.759956,618900
2017-06-07,118.629997,119.16999799999999,118.230003,118.879997,112.052155,543200
2017-06-08,118.879997,119.449997,117.139999,118.550003,111.741127,530300
2017-06-09,118.589996,119.339996,117.980003,118.629997,111.81651299999999,468500
2017-06-12,118.800003,119.010002,118.0,118.610001,111.79766799999999,1069000
2017-06-13,118.449997,118.91999799999999,118.16999799999999,118.690002,111.873077,681600
2017-06-14,119.949997,120.0,118.309998,118.970001,112.13699299999999,751400
2017-06-15,118.66999799999999,119.699997,118.5,118.910004,112.08045200000001,863900
2017-06-16,119.0,119.16999799999999,117.879997,117.879997,111.109581,1865700
2017-06-19,118.08000200000001,119.269997,118.019997,119.120003,112.27838100000001,1520700
2017-06-20,119.379997,119.480003,117.16999799999999,119.260002,112.41033200000001,680100
2017-06-21,119.269997,119.459999,118.559998,119.050003,112.212395,663300
2017-06-22,119.16999799999999,121.629997,118.379997,120.790001,113.852455,1181500
2017-06-23,120.739998,121.25,120.339996,120.599998,113.673363,1661100
2017-06-26,121.0,121.379997,120.459999,121.279999,114.31431599999999,932000
2017-06-27,120.900002,122.279999,120.75,121.599998,114.615936,797200
2017-06-28,121.300003,121.550003,120.339996,120.529999,114.41658799999999,713400
2017-06-29,120.07,120.489998,118.58000200000001,118.989998,112.954697,641200
2017-06-30,119.239998,121.089996,118.989998,120.470001,114.359642,787700
2017-07-03,121.0,121.160004,119.720001,120.949997,114.81527700000001,291700
2017-07-05,120.949997,121.699997,120.050003,120.349998,114.24571999999999,538300
2017-07-06,120.230003,120.529999,118.150002,118.150002,112.15731000000001,444600
2017-07-07,118.150002,118.650002,117.720001,118.529999,112.518028,399400
2017-07-10,118.730003,119.339996,117.209999,117.209999,111.26498400000001,367300
2017-07-11,117.459999,118.239998,116.199997,117.849998,111.87252,437600
2017-07-12,118.629997,119.860001,118.220001,119.059998,113.02114099999999,458800
2017-07-13,119.190002,119.5,118.599998,118.730003,112.707893,315900
2017-07-14,118.769997,120.089996,118.769997,120.040001,113.951447,273100
2017-07-17,120.019997,121.239998,118.440002,121.129997,114.98616000000001,323300
2017-07-18,121.139999,121.279999,120.059998,120.699997,114.577972,387400
2017-07-19,120.910004,122.16999799999999,120.650002,122.089996,115.897453,343600
2017-07-20,122.08000200000001,123.18,121.949997,122.07,115.878487,556100
2017-07-21,122.029999,122.83000200000001,120.459999,121.0,114.862755,742200
2017-07-24,120.989998,121.339996,120.5,120.519997,114.407097,788700
2017-07-25,120.83000200000001,121.18,119.800003,120.139999,114.046371,435000
2017-07-26,120.290001,121.129997,119.620003,120.82,114.691879,327500
2017-07-27,120.470001,121.139999,119.639999,120.849998,114.72036000000001,410900
2017-07-28,120.83000200000001,121.339996,120.160004,120.400002,114.29319,381900
2017-07-31,120.769997,121.279999,120.010002,121.25,115.100067,466300
2017-08-01,121.690002,123.889999,120.5,121.010002,114.872253,538600
2017-08-02,120.540001,121.309998,120.040001,120.519997,114.407097,312000
2017-08-03,120.339996,121.839996,119.540001,120.779999,114.6539,388600
2017-08-04,120.91999799999999,122.209999,120.269997,120.610001,114.49253799999998,353800
2017-08-07,120.660004,120.720001,119.550003,120.58000200000001,114.46405800000001,331700
2017-08-08,119.989998,120.980003,119.760002,120.620003,114.50202900000001,369600
2017-08-09,120.589996,121.410004,120.400002,120.83000200000001,114.70137,278800
2017-08-10,120.599998,120.730003,119.620003,119.889999,113.80905200000001,352100
2017-08-11,119.68,120.389999,119.050003,119.550003,113.486305,296600
2017-08-14,120.059998,122.110001,120.059998,121.739998,115.565224,338000
2017-08-15,121.449997,121.650002,120.739998,121.480003,115.31841299999999,394500
2017-08-16,121.730003,122.16999799999999,121.370003,121.900002,115.717102,375200
2017-08-17,121.860001,122.650002,121.650002,121.66999799999999,115.498764,350400
2017-08-18,121.389999,121.389999,119.41999799999999,120.010002,113.92298100000001,565900
2017-08-21,120.279999,121.199997,119.93,121.089996,114.94818899999999,595300
2017-08-22,121.050003,121.489998,119.83000200000001,120.059998,113.970428,640600
2017-08-23,120.029999,121.18,119.690002,120.949997,114.81527700000001,725300
2017-08-24,121.230003,122.33000200000001,120.980003,121.269997,115.11905700000001,1282100
2017-08-25,121.900002,122.0,120.489998,120.489998,114.378616,485000
2017-08-28,120.699997,120.870003,118.889999,119.300003,113.24897800000001,772200
2017-08-29,119.360001,120.120003,118.629997,118.650002,112.63194299999999,705700
2017-08-30,118.559998,119.870003,117.870003,119.400002,113.343903,911400
2017-08-31,119.720001,121.82,119.529999,121.309998,115.157028,1033900
2017-09-01,121.370003,121.949997,120.769997,121.300003,115.14753,382500
2017-09-05,121.440002,122.029999,120.0,120.449997,114.340652,792000
2017-09-06,120.940002,121.83000200000001,119.66999799999999,120.389999,114.28369099999999,613700
2017-09-07,120.510002,121.260002,119.709999,120.099998,114.0084,526200
2017-09-08,120.029999,120.41999799999999,118.400002,119.360001,113.305939,1163900
2017-09-11,120.010002,120.809998,119.839996,120.360001,114.25521100000002,917900
2017-09-12,120.57,121.209999,119.379997,120.0,113.91346000000001,583300
2017-09-13,119.769997,120.110001,118.849998,119.440002,113.381882,876100
2017-09-14,119.41999799999999,121.059998,119.059998,120.83000200000001,114.70137,663400
2017-09-15,120.510002,121.089996,119.790001,120.519997,114.407097,2231400
2017-09-18,120.519997,121.050003,119.889999,120.41999799999999,114.312164,858900
2017-09-19,120.41999799999999,120.589996,119.099998,120.0,113.91346000000001,745600
2017-09-20,120.010002,120.690002,118.58000200000001,119.349998,113.29643200000001,538100
2017-09-21,119.510002,119.989998,118.720001,119.339996,113.28694899999999,885500
2017-09-22,119.589996,120.099998,117.760002,118.059998,112.07186100000001,805800
2017-09-25,118.290001,119.43,118.019997,118.800003,112.77433799999999,860500
2017-09-26,118.889999,119.32,118.43,119.160004,113.11608100000001,479200
2017-09-27,118.629997,119.160004,117.040001,117.559998,111.597237,626700
2017-09-28,116.980003,117.66999799999999,116.260002,117.480003,112.343124,458300
2017-09-29,117.459999,119.019997,117.160004,118.970001,113.767975,771600
2017-10-02,119.190002,119.809998,118.550003,118.739998,113.548019,591900
2017-10-03,119.010002,119.440002,118.43,118.91999799999999,113.72015400000001,550900
2017-10-04,118.989998,120.190002,118.610001,120.010002,114.76251200000002,458900
2017-10-05,120.129997,120.879997,120.089996,120.379997,115.116325,253900
2017-10-06,119.91999799999999,120.629997,118.66999799999999,120.449997,115.18325800000001,377300
2017-10-09,120.370003,121.209999,120.260002,120.959999,115.67095900000001,465100
2017-10-10,121.190002,121.870003,120.91999799999999,121.809998,116.48378799999999,616500
2017-10-11,122.099998,122.860001,121.760002,122.510002,117.15318300000001,455800
2017-10-12,122.57,123.639999,122.489998,123.620003,118.214653,463700
2017-10-13,124.279999,124.370003,123.129997,123.660004,118.252899,488700
2017-10-16,123.480003,124.489998,123.010002,123.5,118.099892,529500
2017-10-17,123.120003,124.110001,123.010002,124.099998,118.67366799999999,666400
2017-10-18,123.610001,123.970001,122.720001,123.16999799999999,117.784325,578600
2017-10-19,123.550003,123.550003,122.279999,123.360001,117.96601100000001,588400
2017-10-20,123.440002,123.440002,121.68,122.260002,116.91411599999999,727800
2017-10-23,122.58000200000001,122.83000200000001,121.760002,121.959999,116.62723500000001,372600
2017-10-24,121.650002,122.589996,121.43,122.07,116.73243000000001,425800
2017-10-25,121.940002,122.769997,121.349998,122.019997,116.684601,557400
2017-10-26,122.75,122.75,121.019997,121.730003,116.40729499999999,466300
2017-10-27,121.58000200000001,122.970001,121.57,122.160004,116.818497,491200
2017-10-30,122.019997,122.25,121.209999,121.720001,116.397728,408900
2017-10-31,121.279999,124.160004,120.68,123.959999,118.53978700000002,629300
2017-11-01,124.68,125.720001,123.93,125.209999,119.735123,630800
2017-11-02,125.190002,125.989998,124.480003,124.559998,119.113548,508800
2017-11-03,123.970001,125.83000200000001,123.25,125.300003,119.82118999999999,414100
2017-11-06,125.199997,126.519997,125.199997,125.66999799999999,120.175003,452700
2017-11-07,125.709999,126.620003,125.190002,126.059998,120.547951,602900
2017-11-08,125.730003,126.879997,125.730003,126.230003,120.710526,367800
2017-11-09,125.889999,126.589996,125.470001,126.099998,120.586205,331200
2017-11-10,125.550003,126.66999799999999,125.550003,126.639999,121.1026,304000
2017-11-13,127.010002,127.150002,126.040001,126.610001,121.07390600000001,570400
2017-11-14,126.519997,126.800003,125.870003,126.279999,120.75833899999999,499100
2017-11-15,126.209999,126.230003,123.730003,123.889999,118.472847,653300
2017-11-16,123.91999799999999,126.489998,123.91999799999999,126.190002,120.67227199999999,563000
2017-11-17,125.639999,126.230003,125.059998,126.209999,120.691399,1306800
2017-11-20,126.129997,126.809998,125.660004,126.25,120.72964499999999,518200
2017-11-21,126.599998,128.0,126.339996,127.959999,122.364876,526100
2017-11-22,127.389999,128.28999299999998,126.949997,126.949997,121.399033,361900
2017-11-24,127.0,127.57,126.699997,126.790001,121.24604,158300
2017-11-27,127.230003,127.900002,126.75,127.230003,121.66680900000001,349600
2017-11-28,127.129997,127.879997,125.559998,125.870003,120.36626399999999,660600
2017-11-29,125.800003,127.120003,123.91999799999999,126.970001,121.418175,695200
2017-11-30,126.75,127.5,126.529999,127.059998,121.50423400000001,1027500
2017-12-01,127.559998,129.03999299999998,126.940002,128.690002,123.06295800000001,894400
2017-12-04,129.970001,130.46000700000002,129.009995,129.029999,123.388084,837300
2017-12-05,129.0,129.21000700000002,125.699997,126.019997,120.50970500000001,1278500
2017-12-06,126.400002,127.040001,125.68,126.849998,121.30341299999999,635800
2017-12-07,126.940002,128.300003,126.389999,128.169998,122.565704,834500
2017-12-08,128.759995,130.130005,128.220001,130.0,124.315674,596500
2017-12-11,130.229996,130.53999299999998,129.619995,130.190002,124.497391,447900
2017-12-12,130.149994,131.720001,129.360001,131.399994,125.65444199999999,788400
2017-12-13,131.179993,132.220001,131.009995,131.16000400000001,125.424973,777800
2017-12-14,131.580002,132.440002,131.190002,131.889999,126.123047,609700
2017-12-15,132.550003,133.0,131.929993,132.83999599999999,127.031494,1379900
2017-12-18,132.919998,134.300003,132.919998,134.029999,128.16946399999998,513000
2017-12-19,134.369995,134.369995,131.110001,131.600006,125.84571799999999,690000
2017-12-20,131.25,132.059998,128.630005,128.630005,123.0056,2323800
2017-12-21,128.639999,129.399994,128.190002,128.830002,123.196846,438400
2017-12-22,129.300003,129.899994,128.699997,129.46000700000002,123.79931599999999,283200
2017-12-26,129.559998,130.610001,129.16000400000001,130.389999,124.68863700000001,404000
2017-12-27,130.940002,131.630005,130.610001,131.229996,125.49191299999998,556600
2017-12-28,130.770004,130.979996,129.889999,130.669998,125.819267,513200
2017-12-29,130.729996,131.070007,130.33999599999999,130.58999599999999,125.74224099999999,372800
2018-01-02,131.0,131.0,129.679993,129.929993,125.106743,540100
2018-01-03,130.149994,130.270004,128.919998,129.320007,124.51939399999999,470000
2018-01-04,125.360001,128.41000400000001,125.199997,126.739998,122.035172,2719600
2018-01-05,126.900002,127.879997,126.730003,127.0,122.28551499999999,1075600
2018-01-08,127.370003,128.179993,126.83000200000001,127.279999,122.55511499999999,919000
2018-01-09,127.239998,127.309998,126.08000200000001,126.32,121.63076000000001,865800
2018-01-10,126.290001,126.290001,124.480003,125.279999,120.629356,1087400
2018-01-11,125.940002,126.540001,124.91999799999999,125.099998,120.456047,840100
2018-01-12,125.099998,125.360001,123.58000200000001,125.120003,120.47530400000001,1622000
2018-01-16,125.279999,126.599998,124.839996,124.93,120.292351,558100
2018-01-17,125.459999,126.139999,124.25,125.5,120.84119399999999,1226900
2018-01-18,125.470001,125.900002,124.550003,125.379997,120.725655,651500
2018-01-19,125.68,126.110001,125.129997,125.949997,121.274498,616700
2018-01-22,125.959999,127.32,125.360001,127.32,122.59362800000001,738600
2018-01-23,127.300003,127.870003,126.800003,127.66999799999999,122.930641,524000
2018-01-24,127.410004,127.93,125.900002,126.620003,121.919624,562100
2018-01-25,126.5,127.110001,126.019997,126.970001,122.25663,425300
2018-01-26,127.260002,127.410004,125.550003,126.470001,121.77518500000001,365700
2018-01-29,126.209999,126.209999,124.16999799999999,124.510002,119.88793899999999,570700
2018-01-30,125.449997,126.120003,123.339996,125.75,121.08191699999999,727400
2018-01-31,125.870003,129.699997,125.870003,129.699997,124.885269,926200
2018-02-01,129.699997,130.41000400000001,125.150002,125.220001,120.57158700000001,848200
2018-02-02,124.459999,125.68,122.68,124.120003,119.512421,672200
2018-02-05,123.940002,124.43,119.68,119.879997,115.429825,852100
2018-02-06,119.110001,120.290001,116.449997,118.540001,114.139572,1051700
2018-02-07,118.199997,120.910004,117.769997,118.959999,114.54396799999999,963200
2018-02-08,118.589996,120.379997,114.0,114.58000200000001,110.32656100000001,1065900
2018-02-09,115.83000200000001,118.910004,114.589996,118.040001,113.658119,958200
2018-02-12,118.809998,119.68,115.360001,119.08000200000001,114.659523,920100
2018-02-13,118.849998,120.860001,117.860001,120.360001,115.891998,792500
2018-02-14,119.339996,120.449997,117.900002,120.059998,115.60313400000001,498800
2018-02-15,120.57,121.769997,120.160004,121.739998,117.22077900000001,559400
2018-02-16,121.900002,123.18,121.730003,122.660004,118.106628,576000
2018-02-20,122.279999,123.940002,120.800003,120.970001,116.47936200000001,774500
2018-02-21,120.57,121.220001,118.32,118.43,114.03363799999998,680900
2018-02-22,119.07,120.800003,119.040001,119.970001,115.516479,515600
2018-02-23,120.5,122.66999799999999,120.199997,122.650002,118.09699199999999,274000
2018-02-26,123.16999799999999,123.400002,121.690002,123.379997,118.799889,309000
2018-02-27,123.150002,123.559998,120.449997,120.839996,116.354179,543400
2018-02-28,121.300003,123.25,121.279999,121.309998,116.80673200000001,848300
2018-03-01,120.809998,123.099998,120.220001,122.599998,118.048851,653900
2018-03-02,122.239998,123.699997,121.129997,123.489998,118.90581499999999,512000
2018-03-05,122.769997,125.83000200000001,122.519997,124.989998,120.350121,618800
2018-03-06,124.910004,125.760002,123.18,125.410004,120.754539,589500
2018-03-07,124.959999,126.239998,124.83000200000001,125.779999,121.110802,470500
2018-03-08,126.160004,126.400002,124.879997,125.639999,120.97599,388100
2018-03-09,126.269997,126.41999799999999,124.510002,125.980003,121.30338300000001,472000
2018-03-12,125.949997,126.550003,125.470001,126.029999,121.35151699999999,714500
2018-03-13,126.260002,127.5,125.690002,126.559998,121.86183899999999,439500
2018-03-14,126.839996,127.32,125.459999,126.400002,121.707779,586300
2018-03-15,126.589996,127.489998,126.300003,127.08000200000001,122.362541,436500
2018-03-16,126.699997,128.570007,126.41999799999999,128.240005,123.47948500000001,1269000
2018-03-19,128.25,128.46000700000002,126.5,127.239998,122.516602,490300
2018-03-20,127.360001,128.21000700000002,125.910004,126.389999,121.698151,621300
2018-03-21,126.400002,126.43,124.449997,125.360001,120.70638999999998,365000
2018-03-22,124.779999,125.82,122.040001,122.18,117.64443200000001,1061600
2018-03-23,122.059998,122.43,118.059998,118.599998,114.19733400000001,969000
2018-03-26,119.739998,121.349998,118.760002,121.110001,116.61415900000001,764900
2018-03-27,121.610001,124.129997,119.589996,121.980003,117.451866,981100
2018-03-28,121.779999,123.83000200000001,121.730003,123.559998,119.857552,441200
2018-03-29,123.779999,125.07,123.230003,124.889999,121.147697,590900
2018-04-02,124.839996,125.120003,120.58000200000001,121.790001,118.140594,718300
2018-04-03,122.029999,123.260002,121.160004,122.83000200000001,119.149437,601400
2018-04-04,122.290001,124.550003,121.57,124.43,120.701485,509900
2018-04-05,124.709999,124.709999,122.559998,123.16999799999999,119.479248,543100
2018-04-06,123.540001,123.760002,121.730003,122.07,118.412209,456300
2018-04-09,122.16999799999999,122.75,121.160004,121.339996,117.704071,627500
2018-04-10,122.019997,122.120003,121.110001,121.699997,118.053284,514200
2018-04-11,121.33000200000001,122.019997,121.08000200000001,121.089996,117.461555,533300
2018-04-12,121.349998,121.349998,120.099998,120.790001,117.17055500000001,647600
2018-04-13,121.07,122.129997,120.529999,122.050003,118.392807,392400
2018-04-16,122.410004,123.489998,121.959999,122.93,119.246429,361000
2018-04-17,123.230003,125.400002,122.68,124.25,120.526871,454600
2018-04-18,124.440002,125.300003,124.150002,124.309998,120.58508300000001,453200
2018-04-19,123.989998,123.989998,121.139999,122.059998,118.402496,356200
2018-04-20,122.33000200000001,122.690002,121.150002,121.300003,117.665276,527300
2018-04-23,121.379997,122.129997,120.849998,121.370003,117.733185,320300
2018-04-24,121.739998,122.339996,120.82,121.660004,118.014496,420000
2018-04-25,121.389999,122.18,120.83000200000001,121.860001,118.208496,411400
2018-04-26,122.120003,124.209999,121.860001,123.309998,119.615036,457600
2018-04-27,123.260002,125.349998,123.209999,124.860001,121.118599,393200
2018-04-30,125.279999,125.279999,124.08000200000001,124.57,120.837296,657300
2018-05-01,125.620003,130.529999,124.650002,129.41000400000001,125.532265,1224200
2018-05-02,128.75,128.929993,126.360001,127.57,123.747391,1060500
2018-05-03,127.209999,127.620003,126.050003,126.730003,122.932571,721400
2018-05-04,126.739998,128.899994,126.150002,128.550003,124.69803600000002,455200
2018-05-07,129.179993,130.059998,128.33999599999999,129.800003,125.910583,454900
2018-05-08,129.070007,129.229996,127.900002,128.33999599999999,124.494324,621600
2018-05-09,128.639999,129.91000400000001,128.259995,129.83999599999999,125.94937900000001,316600
2018-05-10,130.0,130.520004,128.820007,129.360001,125.48376499999999,446600
2018-05-11,129.600006,129.990005,127.949997,128.03999299999998,124.203308,664200
2018-05-14,128.190002,128.380005,126.339996,126.980003,123.175079,609500
2018-05-15,126.57,126.57,123.800003,124.150002,120.429878,639900
2018-05-16,124.449997,124.690002,122.41999799999999,122.639999,118.96511100000001,844500
2018-05-17,122.639999,123.099998,121.650002,121.75,118.10179099999999,516200
2018-05-18,121.709999,121.93,120.589996,121.220001,117.58766899999999,808900
2018-05-21,122.040001,123.800003,120.75,123.43,119.731453,706100
2018-05-22,123.309998,124.010002,122.849998,123.800003,120.09037,642600
2018-05-23,123.779999,126.279999,123.41999799999999,125.809998,122.040131,503100
2018-05-24,125.980003,125.980003,122.959999,123.809998,120.10006000000001,782700
2018-05-25,123.910004,124.300003,123.290001,123.5,119.799355,612600
2018-05-29,123.099998,124.449997,122.68,124.389999,120.662682,1026800
2018-05-30,124.620003,126.209999,124.040001,125.33000200000001,121.57451599999999,1178700
2018-05-31,124.650002,125.5,124.360001,124.91999799999999,121.176796,1356400
2018-06-01,125.239998,125.769997,124.199997,125.58000200000001,121.817024,905200
2018-06-04,126.040001,127.349998,125.760002,127.209999,123.39817,549200
2018-06-05,127.470001,128.059998,126.209999,126.610001,122.816154,591800
2018-06-06,126.16999799999999,126.709999,125.620003,126.32,122.534851,770000
2018-06-07,126.839996,126.879997,125.279999,126.339996,122.554253,563400
2018-06-08,126.230003,127.519997,125.690002,127.190002,123.37878400000001,598200
2018-06-11,127.309998,127.309998,124.66999799999999,125.269997,121.516304,861200
2018-06-12,125.010002,127.199997,125.010002,126.82,123.01986699999999,608600
2018-06-13,126.790001,127.32,125.0,125.699997,121.933426,877000
2018-06-14,126.010002,128.21000700000002,125.5,127.660004,123.83470200000001,599900
2018-06-15,127.910004,128.610001,127.43,127.839996,124.0093,1465100
2018-06-18,127.120003,127.870003,125.209999,126.400002,122.612457,778000
2018-06-19,125.980003,126.93,125.699997,126.360001,122.573654,759900
2018-06-20,126.139999,127.220001,125.690002,126.599998,122.806458,715700
2018-06-21,126.690002,126.779999,125.459999,126.410004,122.62216200000002,682100
2018-06-22,126.989998,127.379997,126.07,127.08000200000001,123.272079,1155900
2018-06-25,127.309998,127.309998,125.269997,125.940002,122.16623700000001,885700
2018-06-26,126.190002,126.440002,125.599998,125.599998,121.836426,585500
2018-06-27,125.900002,126.150002,124.790001,124.82,121.079803,714900
2018-06-28,124.160004,126.510002,124.08000200000001,126.339996,123.47421999999999,692700
2018-06-29,126.040001,127.57,125.040001,126.16999799999999,123.308075,945800
2018-07-02,125.900002,126.510002,123.449997,125.68,122.82919299999999,542700
2018-07-03,125.75,127.519997,125.309998,126.650002,123.77719099999999,319600
2018-07-05,126.790001,127.809998,126.290001,127.650002,124.754501,825000
2018-07-06,127.900002,128.71000700000002,127.309998,127.66999799999999,124.774048,480300
2018-07-09,128.190002,128.509995,127.25,128.199997,125.292023,769000
2018-07-10,127.959999,128.350006,127.18,127.379997,124.490623,556200
2018-07-11,127.110001,129.0,127.110001,128.029999,125.12588500000001,734800
2018-07-12,128.33999599999999,128.360001,127.309998,127.93,125.02816000000001,1079300
2018-07-13,128.020004,128.759995,127.730003,127.910004,125.008614,495600
2018-07-16,127.5,127.599998,126.290001,126.959999,124.08015400000001,495900
2018-07-17,127.099998,127.33000200000001,125.559998,125.769997,122.91714499999999,497800
2018-07-18,125.57,126.349998,124.639999,125.639999,122.7901,499500
2018-07-19,125.360001,127.66999799999999,125.040001,126.91999799999999,124.04106100000001,378400
2018-07-20,126.510002,126.699997,124.209999,124.690002,121.861649,439600
2018-07-23,124.57,124.989998,122.949997,123.550003,120.74751299999998,561100
2018-07-24,123.620003,123.620003,122.5,122.870003,120.082932,487000
2018-07-25,122.720001,123.989998,122.470001,123.339996,120.542267,314600
2018-07-26,123.620003,124.139999,122.870003,123.300003,120.50318899999999,346600
2018-07-27,123.809998,123.809998,122.230003,122.550003,119.770195,566200
2018-07-30,122.5,122.940002,121.610001,122.82,120.034058,615000
2018-07-31,123.83000200000001,128.350006,122.949997,127.440002,124.54927099999999,1437500
2018-08-01,126.199997,128.350006,125.449997,128.169998,125.26271100000001,679000
2018-08-02,127.41999799999999,128.21000700000002,125.959999,126.050003,123.19081100000001,662700
2018-08-03,126.050003,127.480003,125.459999,127.459999,124.568817,429100
2018-08-06,127.489998,128.33999599999999,126.970001,128.21000700000002,125.30181100000001,567400
2018-08-07,127.839996,127.839996,126.910004,127.480003,124.58836399999998,398200
2018-08-08,127.68,127.949997,126.739998,126.839996,123.962875,261800
2018-08-09,126.610001,126.959999,126.209999,126.470001,123.60127299999999,328000
2018-08-10,126.199997,126.720001,125.029999,125.209999,122.36985,411900
2018-08-13,125.309998,125.83000200000001,124.160004,124.18,121.36321299999999,499900
2018-08-14,124.279999,124.870003,123.16999799999999,124.5,121.67595700000001,592100
2018-08-15,124.58000200000001,126.900002,124.519997,126.739998,123.86514299999999,464000
2018-08-16,126.519997,129.029999,126.519997,128.619995,125.70250700000001,587400
2018-08-17,128.570007,129.78999299999998,128.309998,129.759995,126.816635,433500
2018-08-20,130.419998,130.419998,128.240005,128.41000400000001,125.49726899999999,441400
2018-08-21,127.860001,128.899994,127.110001,127.290001,124.402672,516900
2018-08-22,127.190002,127.589996,125.650002,126.519997,123.650139,523100
2018-08-23,126.730003,127.66999799999999,126.349998,126.519997,123.650139,347700
2018-08-24,126.389999,126.970001,125.589996,126.629997,123.757645,392800
2018-08-27,127.0,127.050003,125.550003,126.349998,123.483994,439300
2018-08-28,126.279999,128.449997,125.93,128.350006,125.43863700000001,420900
2018-08-29,128.649994,128.820007,127.589996,128.080002,125.174751,459500
2018-08-30,128.169998,128.380005,126.900002,127.349998,124.46131100000001,712100
2018-08-31,127.480003,128.520004,127.410004,128.350006,125.43863700000001,537300
2018-09-04,128.070007,128.279999,125.769997,125.980003,123.12238300000001,455700
2018-09-05,125.489998,127.760002,125.019997,127.510002,124.617691,882800
2018-09-06,127.790001,129.009995,127.5,128.610001,125.692734,1152800
2018-09-07,128.0,128.240005,126.540001,126.650002,123.77719099999999,530000
2018-09-10,127.540001,128.509995,127.230003,127.389999,124.500404,365700
2018-09-11,126.769997,128.240005,126.709999,127.959999,125.057472,435700
2018-09-12,128.020004,128.119995,127.529999,127.639999,124.74472800000001,303700
2018-09-13,128.0,128.330002,127.400002,128.020004,125.11611200000002,555300
2018-09-14,127.660004,127.720001,125.93,126.989998,124.109482,395400
2018-09-17,127.050003,127.75,126.099998,127.58000200000001,124.68609599999999,704500
2018-09-18,127.57,127.900002,126.139999,126.599998,123.728325,352900
2018-09-19,126.800003,127.160004,125.029999,125.440002,122.59463500000001,451000
2018-09-20,125.470001,126.510002,124.82,126.239998,123.376488,464800
2018-09-21,126.029999,128.169998,125.83000200000001,126.800003,123.92379,1484500
2018-09-24,126.459999,127.160004,123.639999,124.349998,121.529358,397200
2018-09-25,124.32,124.709999,122.720001,123.239998,120.444534,608900
2018-09-26,123.290001,123.83000200000001,122.269997,122.43,119.65291599999999,711900
2018-09-27,122.120003,123.879997,121.769997,122.730003,120.86421200000001,599900
2018-09-28,122.849998,125.889999,122.849998,125.790001,123.877693,792800
2018-10-01,125.379997,126.029999,123.150002,123.360001,121.484642,675100
2018-10-02,123.480003,123.870003,122.66999799999999,123.400002,121.524025,359900
2018-10-03,123.400002,124.459999,121.93,122.980003,121.11041999999999,510500
2018-10-04,122.459999,122.970001,121.07,122.660004,120.79528799999999,403900
2018-10-05,122.82,123.82,122.650002,122.879997,121.011932,502800
2018-10-08,123.050003,126.120003,122.970001,125.349998,123.44438899999999,852700
2018-10-09,125.160004,126.0,123.900002,125.959999,124.04511299999999,811500
2018-10-10,125.389999,126.889999,124.699997,124.709999,122.814117,724700
2018-10-11,125.0,125.010002,119.559998,119.790001,117.96891000000001,1062900
2018-10-12,120.709999,121.5,119.239998,120.040001,118.21511100000001,872000
2018-10-15,119.5,123.019997,119.5,121.059998,119.219597,642900
2018-10-16,121.540001,123.839996,120.980003,123.449997,121.57326499999999,586300
2018-10-17,123.339996,123.739998,121.610001,122.57,120.70665,625600
2018-10-18,122.510002,123.879997,121.440002,121.790001,119.938507,436500
2018-10-19,121.949997,122.889999,121.68,122.41999799999999,120.558922,644400
2018-10-22,122.660004,123.089996,120.5,120.559998,118.727203,580900
2018-10-23,119.940002,123.059998,119.57,122.5,120.63771100000001,603800
2018-10-24,122.279999,124.470001,121.989998,123.239998,121.36646299999998,463300
2018-10-25,123.33000200000001,125.239998,122.66999799999999,124.660004,122.764877,406000
2018-10-26,123.970001,124.33000200000001,120.510002,121.089996,119.24913799999999,447800
2018-10-29,122.0,123.43,121.809998,123.190002,121.317223,443400
2018-10-30,124.220001,128.350006,121.58000200000001,123.949997,122.065666,864500
2018-10-31,124.25,124.379997,121.540001,122.230003,120.37181899999999,922500
2018-11-01,122.650002,123.730003,121.889999,122.290001,120.430908,754800
2018-11-02,122.290001,122.58000200000001,118.900002,120.120003,118.293892,656700
2018-11-05,120.559998,123.050003,120.559998,122.589996,120.72634099999999,756200
2018-11-06,122.75,124.199997,122.309998,123.239998,121.36646299999998,468500
2018-11-07,123.589996,125.43,122.900002,125.309998,123.404991,432600
2018-11-08,124.870003,125.849998,123.959999,125.110001,123.208031,290500
2018-11-09,125.050003,125.610001,123.989998,124.459999,122.56790900000001,574000
2018-11-12,124.470001,126.029999,123.720001,123.93,122.045975,375100
2018-11-13,124.190002,124.440002,122.400002,123.32,121.445251,583700
2018-11-14,123.970001,124.32,123.120003,123.839996,121.95733600000001,503800
2018-11-15,123.08000200000001,123.08000200000001,120.839996,121.83000200000001,119.977898,425700
2018-11-16,121.389999,122.849998,121.230003,122.83000200000001,120.96269199999999,685100
2018-11-19,123.190002,124.110001,121.470001,122.089996,120.23393999999999,699700
2018-11-20,121.970001,122.589996,120.339996,120.760002,118.92416399999999,795100
2018-11-21,120.690002,123.059998,120.449997,121.949997,120.096069,514500
2018-11-23,121.82,122.269997,120.760002,121.589996,119.741547,125600
2018-11-26,122.349998,123.379997,121.5,122.769997,120.903603,405800
2018-11-27,122.66999799999999,122.779999,121.18,122.5,120.63771100000001,517600
2018-11-28,122.529999,124.220001,122.489998,124.220001,122.331566,513100
2018-11-29,124.0,124.0,122.33000200000001,122.379997,120.519531,684300
2018-11-30,123.07,125.260002,122.650002,124.5,122.607307,1376900
2018-12-03,125.970001,126.019997,124.470001,125.900002,123.986023,816400
2018-12-04,125.989998,126.379997,123.339996,123.540001,121.66190300000001,765800
2018-12-06,123.470001,127.139999,121.5,127.08000200000001,125.14808700000002,1264800
2018-12-07,126.809998,127.41999799999999,125.190002,126.16999799999999,124.251915,816800
2018-12-10,126.209999,126.760002,124.0,125.760002,123.848152,798400
2018-12-11,126.269997,127.699997,124.510002,124.629997,122.73532900000001,938800
2018-12-12,125.599998,126.16999799999999,121.110001,121.290001,119.446114,784800
2018-12-13,121.66999799999999,124.440002,121.66999799999999,123.0,121.13011200000001,735600
2018-12-14,123.029999,123.279999,121.029999,122.5,120.63771100000001,792700
2018-12-17,122.940002,123.91999799999999,118.129997,118.75,116.944717,1210200
2018-12-18,119.32,121.050003,119.050003,120.239998,118.412071,773300
2018-12-19,120.480003,121.480003,119.139999,119.940002,118.116638,1082100
2018-12-20,119.93,120.230003,116.91999799999999,117.41999799999999,115.634933,914200
2018-12-21,117.629997,118.849998,115.209999,115.339996,113.586555,1795700
2018-12-24,115.389999,115.480003,110.129997,110.279999,108.603485,449300
2018-12-26,110.860001,113.989998,109.040001,113.970001,112.237389,637100
2018-12-27,113.120003,114.57,110.889999,114.489998,112.749481,657700
2018-12-28,114.629997,114.959999,112.010002,113.940002,113.166634,932100
2018-12-31,114.0,115.260002,112.760002,115.239998,114.45780900000001,675900
2019-01-02,114.279999,114.279999,110.660004,111.370003,110.61408200000001,544700
2019-01-03,111.349998,114.089996,111.110001,112.290001,111.527832,809700
2019-01-04,113.089996,114.839996,112.849998,113.440002,112.670029,685900
2019-01-07,113.489998,115.360001,113.489998,114.139999,113.36528,636700
2019-01-08,114.66999799999999,117.16999799999999,114.66999799999999,116.790001,115.99729199999999,974000
2019-01-09,117.099998,117.57,115.800003,117.300003,116.50383000000001,788400
2019-01-10,117.199997,119.739998,116.540001,119.57,118.758423,620700
2019-01-11,119.449997,120.489998,118.5,120.339996,119.52319299999999,702000
2019-01-14,119.949997,120.190002,118.900002,119.190002,118.381004,685100
2019-01-15,119.370003,121.019997,119.370003,120.93,120.109192,357600
2019-01-16,120.57,122.25,120.360001,121.900002,121.07260900000001,726900
2019-01-17,121.540001,122.82,121.480003,122.75,121.91684,1019800
2019-01-18,123.349998,124.550003,123.190002,124.260002,123.41658799999999,772400
2019-01-22,123.949997,124.489998,123.260002,124.379997,123.535774,764600
2019-01-23,124.32,124.75,123.25,123.800003,122.959717,737700
2019-01-24,123.66999799999999,123.910004,122.779999,123.25,122.413445,429000
2019-01-25,123.790001,125.470001,123.389999,125.410004,124.558784,508900
2019-01-28,124.849998,126.300003,124.849998,126.269997,125.41294099999999,653700
2019-01-29,126.209999,128.149994,125.879997,128.080002,127.21066299999998,693800
2019-01-30,128.309998,129.58999599999999,127.949997,129.360001,128.481979,697700
2019-01-31,129.080002,131.880005,127.940002,131.71000700000002,130.816025,869700
2019-02-01,131.759995,132.199997,127.970001,130.639999,129.75328100000002,811200
2019-02-04,130.380005,130.940002,129.360001,130.940002,130.051254,841300
2019-02-05,131.740005,131.800003,129.0,129.75,128.869324,885300
2019-02-06,129.529999,129.639999,128.25,129.009995,128.13433799999999,762600
2019-02-07,128.899994,132.990005,128.71000700000002,132.720001,131.819168,974300
2019-02-08,132.21000700000002,133.0,131.46000700000002,132.369995,131.471542,561200
2019-02-11,132.259995,133.759995,131.649994,133.699997,132.79251100000002,730200
2019-02-12,133.71000700000002,134.08999599999999,132.270004,132.559998,131.660248,785200
2019-02-13,131.949997,134.699997,131.699997,134.509995,133.597015,573900
2019-02-14,134.419998,134.889999,132.919998,133.889999,132.981216,527100
2019-02-15,134.490005,135.0,133.970001,134.860001,133.944641,628700
2019-02-19,135.149994,136.190002,134.240005,135.690002,134.769012,486400
2019-02-20,135.419998,135.490005,133.71000700000002,134.970001,134.05389399999999,540600
2019-02-21,134.399994,135.649994,133.380005,135.490005,134.570374,561900
2019-02-22,135.800003,137.41000400000001,135.279999,136.720001,135.792023,583200
2019-02-25,136.970001,137.029999,135.899994,136.020004,135.096771,458600
2019-02-26,136.320007,136.5,135.479996,136.119995,135.196091,607000
2019-02-27,135.199997,136.16000400000001,133.869995,134.949997,134.034027,659700
2019-02-28,135.080002,137.779999,134.169998,135.889999,134.967651,1150300
2019-03-01,136.100006,136.559998,134.259995,135.91000400000001,134.987518,742400
2019-03-04,136.33999599999999,137.070007,135.240005,136.96000700000002,136.030396,670900
2019-03-05,136.949997,138.199997,136.630005,137.399994,136.467392,697700
2019-03-06,137.559998,138.240005,137.020004,137.550003,136.616379,671500
2019-03-07,137.71000700000002,138.300003,136.320007,136.699997,135.772156,705400
2019-03-08,136.46000700000002,137.759995,136.25,137.600006,136.666046,731000
2019-03-11,138.169998,139.600006,138.169998,139.389999,138.443893,783900
2019-03-12,139.66000400000001,141.029999,139.309998,140.149994,139.19873,832500
2019-03-13,140.509995,142.059998,140.509995,141.33999599999999,140.380661,793200
2019-03-14,141.139999,141.889999,141.08999599999999,141.860001,140.897125,765200
2019-03-15,141.860001,142.139999,140.130005,140.520004,139.566223,2373900
2019-03-18,140.820007,141.860001,139.389999,140.220001,139.26826499999999,734300
2019-03-19,140.259995,140.550003,139.130005,139.690002,138.74186699999998,627900
2019-03-20,139.699997,141.020004,138.520004,140.28999299999998,139.337784,748800
2019-03-21,139.860001,143.009995,139.630005,142.449997,141.483124,594600
2019-03-22,142.16000400000001,143.550003,141.66000400000001,141.720001,140.75808700000002,436400
2019-03-25,141.759995,142.360001,140.470001,141.669998,140.70842,363000
2019-03-26,141.860001,143.880005,141.860001,143.830002,142.85376000000002,416800
2019-03-27,143.809998,144.100006,142.130005,142.91000400000001,141.940002,412100
2019-03-28,142.279999,143.270004,141.699997,143.229996,143.229996,432100
2019-03-29,143.279999,143.279999,141.979996,142.559998,142.559998,755400
2019-04-01,142.630005,143.009995,140.520004,141.53999299999998,141.53999299999998,845200
2019-04-02,141.860001,143.41000400000001,140.399994,143.229996,143.229996,651900
2019-04-03,143.080002,143.600006,142.03999299999998,143.529999,143.529999,714500
2019-04-04,143.429993,143.429993,142.08999599999999,143.130005,143.130005,373900
2019-04-05,142.899994,144.070007,142.259995,143.970001,143.970001,378800
2019-04-08,144.169998,144.46000700000002,142.690002,143.630005,143.630005,417100
2019-04-09,143.46000700000002,143.690002,142.889999,143.119995,143.119995,347400
2019-04-10,143.479996,143.919998,142.800003,143.83999599999999,143.83999599999999,616500
2019-04-11,143.979996,144.309998,143.0,143.5,143.5,508000
2019-04-12,143.570007,144.350006,142.470001,144.350006,144.350006,515400
2019-04-15,144.25,144.25,143.03999299999998,143.66000400000001,143.66000400000001,351100
